0 613289993
1 613289993
2 612618768
3 612618768
4 612618768
5 572261909
6 572002315
7 572002315
8 571441652
9 571335438
10 571335438
11 571335438
12 571335438
13 571335438
14 571335438
15 561309555
16 561309555
17 561309555
18 558842677
19 558842677
20 558701547
21 558371886
22 558371886
23 557932853
24 557932853
25 557932853
26 557932853
27 555083104
28 555083104
29 555083104
30 555056174
31 555056174
32 555056174
33 555056174
34 537490063
35 537490063
36 536753168
37 536753168
38 536753168
39 536753168
40 517710837
41 517710837
42 516444546
43 516444546
44 516444546
45 516172304
46 516172304
47 516172304
48 516089458
49 514614728
50 514614728
51 514614728
52 513629117
53 513629117
54 513629117
55 513629117
56 507026306
57 504506833
58 504506833
59 504506833
60 504506833
61 504192893
62 504038633
63 504038633
64 504038633
65 504038633
66 504038633
67 504038633
68 504038633
69 478253867
70 478253867
71 478248796
72 478248796
73 478248796
74 461521881
75 461521881
76 461521881
77 461521881
78 461521881
79 461521881
80 461521881
81 461521881
82 461521881
83 461521881
84 461285506
85 461285506
86 461152489
87 461152489
88 461152489
89 461152489
90 461152489
91 461152489
92 461127553
93 461127553
94 461127553
95 461127553
96 461127553
97 461127553
98 457387774
99 457387774
100 457161337
101 457161337
102 457161337
103 457161337
104 457161337
105 457161337
106 457161337
107 457161337
108 457161337
109 457161337
110 457161337
111 457161337
112 454268851
113 454268851
114 454268851
115 454268851
116 454268851
117 454268851
118 454268851
119 454268851
120 454268851
121 454268851
122 454268851
123 448563498
124 448563498
125 448563498
126 448122135
127 448122135
128 448122135
129 448122135
130 437427880
131 436769349
132 436236807
133 436236807
134 436236807
135 436236807
136 436236807
137 436236807
138 436236807
139 436236807
140 436236807
141 436236807
142 436236807
143 436236807
144 436236807
145 436236807
146 436236807
147 436236807
148 436236807
149 436236807
150 436236807
151 436236807
152 433104180
153 433104180
154 432773966
155 432773966
156 432773966
157 432773966
158 432773966
159 432773966
160 432773966
161 432773966
162 432773966
163 432773966
164 428567998
165 428567998
166 428567998
167 428567998
168 428567998
169 428567998
170 428567998
171 428567998
172 428567998
173 428567998
174 428567998
175 428567998
176 428260126
177 428260126
178 428260126
179 428260126
180 428260126
181 428260126
182 428260126
183 428260126
184 428260126
185 428260126
186 428260126
187 428260126
188 428260126
189 428260126
190 428260126
191 428260126
192 428260126
193 428260126
194 428260126
195 428260126
196 428260126
197 428260126
198 427449762
199 427449762
200 427449762
201 427449762
202 427449762
203 427314754
204 427314754
205 427314754
206 427314754
207 417535504
208 417535504
209 417535504
210 417535504
211 417535504
212 417535504
213 417535504
214 417535504
215 417535504
216 417535504
217 417535504
218 417535504
219 417535504
220 417535504
221 417486937
222 417486937
223 417064842
224 417064842
225 417064842
226 416482961
227 416482961
228 416482961
229 416482961
230 416482961
231 416482961
232 416482961
233 416482961
234 409603291
235 409603291
236 409603291
237 409603291
238 409603291
239 409603291
240 409603291
241 409603291
242 409603291
243 409603291
244 409603291
245 409603291
246 409603291
247 409603291
248 409603291
249 409603291
250 409603291
251 409603291
252 409603291
253 409603291
254 409603291
255 409603291
256 409603291
257 409603291
258 409603291
259 409603291
260 409603291
261 409603291
262 409603291
263 409603291
264 409603291
265 409603291
266 409603291
267 409603291
268 409603291
269 409603291
270 409603291
271 409603291
272 409603291
273 409603291
274 409603291
275 409603291
276 409603291
277 409603291
278 409603291
279 409603291
280 409603291
281 409603291
282 409603291
283 409603291
284 409603291
285 409603291
286 409603291
287 409603291
288 409603291
289 409603291
290 409603291
291 409603291
292 409603291
293 409603291
294 409603291
295 409603291
296 409603291
297 409603291
298 409603291
299 409152543
300 409152543
301 408442213
302 408442213
303 408442213
304 407963038
305 407892040
306 407892040
307 407892040
308 407892040
309 407892040
310 407892040
311 407892040
312 407892040
313 407482502
314 407482502
315 407482502
316 407482502
317 407482502
318 407482502
319 407482502
320 407482502
321 407482502
322 407482502
323 407482502
324 407482502
325 407482502
326 407482502
327 395775126
328 395775126
329 395775126
330 395775126
331 395775126
332 395775126
333 395775126
334 395775126
335 395592180
336 395592180
337 395592180
338 395592180
339 395592180
340 395592180
341 395592180
342 395592180
343 395592180
344 395592180
345 395592180
346 395592180
347 395592180
348 387076129
349 379335092
350 379335092
351 379335092
352 379335092
353 379335092
354 379335092
355 379335092
356 379335092
357 379335092
358 379335092
359 379335092
360 379335092
361 379335092
362 379335092
363 379335092
364 378522487
365 378522487
366 378522487
367 367706493
368 365554801
369 365554801
370 365554801
371 365554801
372 365554801
373 365554801
374 364902821
375 364902821
376 364902821
377 364902821
378 364902821
379 364902821
380 364902821
381 364902821
382 364902821
383 364902821
384 364902821
385 364902821
386 364902821
387 363955733
388 363955733
389 363955733
390 363955733
391 363955733
392 363955733
393 363955733
394 363955733
395 363955733
396 363955733
397 363955733
398 363955733
399 363955733
400 363955733
401 363955733
402 363955733
403 358755207
404 358645912
405 358645912
406 358645912
407 358645912
408 358645912
409 358645912
410 357501372
411 357501372
412 357501372
413 357501372
414 357501372
415 357501372
416 357501372
417 357501372
418 357501372
419 357501372
420 357501372
421 357501372
422 357501372
423 357498634
424 357498634
425 357498634
426 357498634
427 357498634
428 357498634
429 357498634
430 357498634
431 357498634
432 357304691
433 357304691
434 357304691
435 357304691
436 356569896
437 356569896
438 356569896
439 356462984
440 356462984
441 356462984
442 356462984
443 356462984
444 356462984
445 356462984
446 356462984
447 356462984
448 356462984
449 356462984
450 356462984
451 356462984
452 356462984
453 356462984
454 356462984
455 356462984
456 356462984
457 356462984
458 356462984
459 356462984
460 356462984
461 356462984
462 356462984
463 356462984
464 356462984
465 356462984
466 356462984
467 356462984
468 356462984
469 356462984
470 356438618
471 356438618
472 356438618
473 356438618
474 356438618
475 356438618
476 356438618
477 355542260
478 355542260
479 355542260
480 355542260
481 355542260
482 355542260
483 355542260
484 355542260
485 355542260
486 355542260
487 355542260
488 355542260
489 355542260
490 355542260
491 355542260
492 355542260
493 355542260
494 355542260
495 355542260
496 355542260
497 355542260
498 355542260
499 355542260
500 355542260
501 355542260
502 355542260
503 355542260
504 355542260
505 355542260
506 355542260
507 355542260
508 354691885
509 354691885
510 354691885
511 354691885
512 354691885
513 354691885
514 354691885
515 354691885
516 354691885
517 354691885
518 354661302
519 354661302
520 354661302
521 354661302
522 354661302
523 354661302
524 354661302
525 354661302
526 354661302
527 354661302
528 354661302
529 354661302
530 354661302
531 354661302
532 354661302
533 354661302
534 354661302
535 354661302
536 354661302
537 354661302
538 354661302
539 354661302
540 354661302
541 354661302
542 354661302
543 354661302
544 354661302
545 354661302
546 354586922
547 354586922
548 354586922
549 354586922
550 354586922
551 354359968
552 354359968
553 354359968
554 354359968
555 354359968
556 354359968
557 354359968
558 354359968
559 354359968
560 354322178
561 353447763
562 353447763
563 353447763
564 353447763
565 353447763
566 353447763
567 353447763
568 353447763
569 353447763
570 353447763
571 353447763
572 353447763
573 353447763
574 353447763
575 353447763
576 353447763
577 353447763
578 353447763
579 353447763
580 353447763
581 353447763
582 353447763
583 353068359
584 353068359
585 353068359
586 353068359
587 353068359
588 353068359
589 353068359
590 353068359
591 352313190
592 352313190
593 352313190
594 352313190
595 352313190
596 352313190
597 352313190
598 352174983
599 352174983
600 352174983
601 352174983
602 352174983
603 352174983
604 352174983
605 352174983
606 352174983
607 352174983
608 352174983
609 352174983
610 352174983
611 352174983
612 352174983
613 352174983
614 352174983
615 352174983
616 352174983
617 351992955
618 351992955
619 351992955
620 351992955
621 351992955
622 351992955
623 351992955
624 351992955
625 351992955
626 351992955
627 351992955
628 351992955
629 351992955
630 351992955
631 351992955
632 351992955
633 351992955
634 351992955
635 351992955
636 351992955
637 351992955
638 351992955
639 351992955
640 351992955
641 351992955
642 351992955
643 351992955
644 351992955
645 351992955
646 351992955
647 351992955
648 351992955
649 351992955
650 351992955
651 351799136
652 351799136
653 351799136
654 351799136
655 351799136
656 351799136
657 351799136
658 351799136
659 351799136
660 351799136
661 351799136
662 351799136
663 351799136
664 351799136
665 351799136
666 351526923
667 351526923
668 351526923
669 351526923
670 351526923
671 351526923
672 351526923
673 351526923
674 351526923
675 351526923
676 351526923
677 347705852
678 347705852
679 347479976
680 347479976
681 347479976
682 347479976
683 347479976
684 347479976
685 347479976
686 347479976
687 347479976
688 347479976
689 347392846
690 347392846
691 347392846
692 347392846
693 347392846
694 347392846
695 347392846
696 347392846
697 347392846
698 347392846
699 347392846
700 347392846
701 347392846
702 346340192
703 346340192
704 346340192
705 346340192
706 346340192
707 346340192
708 346340192
709 346340192
710 346340192
711 346340192
712 346340192
713 346340192
714 346340192
715 346340192
716 346340192
717 346340192
718 346232617
719 346232617
720 346232617
721 346232617
722 346232617
723 346232617
724 346195040
725 346195040
726 346195040
727 346195040
728 346195040
729 346195040
730 346195040
731 346195040
732 346195040
733 346195040
734 346195040
735 346195040
736 346195040
737 345969369
738 345969369
739 345969369
740 345098595
741 345098595
742 345098595
743 345098595
744 345098595
745 345098595
746 345098595
747 345098595
748 345098595
749 345098595
750 345098595
751 345098595
752 345098595
753 345098595
754 345098595
755 345098595
756 345098595
757 345098595
758 345098595
759 345098595
760 344677482
761 344677482
762 344677482
763 344677482
764 344677482
765 344677482
766 344677482
767 344677482
768 344677482
769 344677482
770 344677482
771 344677482
772 344677482
773 344677482
774 344677482
775 344677482
776 344677482
777 344677482
778 344677482
779 344677482
780 344677482
781 344677482
782 344677482
783 344677482
784 344677482
785 344677482
786 344677482
787 344677482
788 344677482
789 344677482
790 344677482
791 344677482
792 344677482
793 344677482
794 344677482
795 344677482
796 344677482
797 344677482
798 344677482
799 344677482
800 344677482
801 344677482
802 344677482
803 344677482
804 344677482
805 344677482
806 344677482
807 344677482
808 344677482
809 344677482
810 344677482
811 344677482
812 344677482
813 344677482
814 344677482
815 344677482
816 344677482
817 344677482
818 344677482
819 344677482
820 344677482
821 344677482
822 344677482
823 344677482
824 344677482
825 344677482
826 344677482
827 344677482
828 344677482
829 344677482
830 344677482
831 344677482
832 344677482
833 344677482
834 344677482
835 344677482
836 344677482
837 344648214
838 344648214
839 344648214
840 344648214
841 344648214
842 344648214
843 344648214
844 344648214
845 344648214
846 344648214
847 344648214
848 344648214
849 344648214
850 344648214
851 344648214
852 344648214
853 344297943
854 344297943
855 344297943
856 344297943
857 344297943
858 344297943
859 344297943
860 344297943
861 344297943
862 344297943
863 344297943
864 344297943
865 344297943
866 344236186
867 344236186
868 344236186
869 344236186
870 344236186
871 344236186
872 344236186
873 344236186
874 344236186
875 344236186
876 344236186
877 344236186
878 344236186
879 344236186
880 343763982
881 343763982
882 343763982
883 343763982
884 343763982
885 343763982
886 343763982
887 343763982
888 343763982
889 343763982
890 343763982
891 343763982
892 343763982
893 343763982
894 343763982
895 343763982
896 343763982
897 343763982
898 343763982
899 343763982
900 343763982
901 343763982
902 343763982
903 343763982
904 343763982
905 343763982
906 343763982
907 343763982
908 343763982
909 343763982
910 343763982
911 343763982
912 343763982
913 343763982
914 343763982
915 343763982
916 343763982
917 343763982
918 343763982
919 343763982
920 343763982
921 343763982
922 343763982
923 343763982
924 343763982
925 343763982
926 343763982
927 343763982
928 343763982
929 343763982
930 343763982
931 343763982
932 343763982
933 343409422
934 340169185
935 340169185
936 340169185
937 339092674
938 339092674
939 339092674
940 338417704
941 338417704
942 338417704
943 338417704
944 338417704
945 338417704
946 338417704
947 338417704
948 338417704
949 338417704
950 338417704
951 338417704
952 338417704
953 338417704
954 338417704
955 338133175
956 338133175
957 337022107
958 337022107
959 337022107
960 337022107
961 337022107
962 337022107
963 337022107
964 337022107
965 337022107
966 337022107
967 337022107
968 337022107
969 337022107
970 337022107
971 337022107
972 337022107
973 337022107
974 337022107
975 337022107
976 337022107
977 337022107
978 337022107
979 337022107
980 337022107
981 337022107
982 337022107
983 337022107
984 337022107
985 337022107
986 337022107
987 337022107
988 336768395
989 336486800
990 336486800
991 336486800
992 336200222
993 336200222
994 336200222
995 336200222
996 336200222
997 336200222
998 335825047
999 335825047
1000 335825047
1001 335825047
1002 335825047
1003 335825047
1004 335825047
1005 335825047
1006 335825047
1007 335825047
1008 335825047
1009 335825047
1010 335825047
1011 335825047
1012 335825047
1013 334603468
1014 334603468
1015 334603468
1016 334603468
1017 334603468
1018 334603468
1019 334603468
1020 334603468
1021 334603468
1022 334603468
1023 334603468
1024 334603468
1025 334603468
1026 334603468
1027 334603468
1028 334603468
1029 334603468
1030 334581013
1031 334581013
1032 334581013
1033 334581013
1034 334581013
1035 334581013
1036 334581013
1037 334581013
1038 334581013
1039 334581013
1040 334581013
1041 334581013
1042 334581013
1043 334581013
1044 334581013
1045 334581013
1046 334581013
1047 334581013
1048 334581013
1049 334581013
1050 334581013
1051 333588234
1052 333588234
1053 333588234
1054 333588234
1055 333588234
1056 333588234
1057 333588234
1058 333588234
1059 333588234
1060 333588234
1061 333588234
1062 333588234
1063 333588234
1064 333588234
1065 333588234
1066 333588234
1067 333588234
1068 333588234
1069 333588234
1070 333588234
1071 333588234
1072 333588234
1073 333588234
1074 333588234
1075 333588234
1076 333588234
1077 333588234
1078 333588234
1079 333588234
1080 333588234
1081 333588234
1082 333588234
1083 333588234
1084 331944735
1085 331944735
1086 331944735
1087 331944735
1088 331944735
1089 331944735
1090 331944735
1091 331944735
1092 331944735
1093 331944735
1094 331944735
1095 331944735
1096 331944735
1097 331944735
1098 331944735
1099 331944735
1100 331944735
1101 331944735
1102 331944735
1103 331944735
1104 331944735
1105 331944735
1106 331944735
1107 331944735
1108 331944735
1109 331944735
1110 331944735
1111 331944735
1112 331944735
1113 331944735
1114 331944735
1115 331944735
1116 331944735
1117 331944735
1118 331944735
1119 331944735
1120 331944735
1121 331944735
1122 331944735
1123 331944735
1124 331944735
1125 331944735
1126 331944735
1127 331944735
1128 331944735
1129 331944735
1130 331944735
1131 331944735
1132 331944735
1133 331944735
1134 331944735
1135 331944735
1136 331944735
1137 330722777
1138 330722777
1139 330722777
1140 330722777
1141 330722777
1142 330722777
1143 330722777
1144 330722777
1145 330722777
1146 330722777
1147 330722777
1148 330722777
1149 330722777
1150 330722777
1151 330722777
1152 330722777
1153 330722777
1154 330722777
1155 330722777
1156 330722777
1157 330722777
1158 330722777
1159 330722777
1160 330388542
1161 330388542
1162 330388542
1163 330341718
1164 330341718
1165 329946022
1166 329946022
1167 329946022
1168 329946022
1169 329946022
1170 329946022
1171 329946022
1172 329946022
1173 329946022
1174 329946022
1175 329946022
1176 329946022
1177 329946022
1178 329946022
1179 329946022
1180 329946022
1181 329946022
1182 329946022
1183 329946022
1184 329946022
1185 329946022
1186 329946022
1187 329946022
1188 329946022
1189 329946022
1190 329946022
1191 329946022
1192 329946022
1193 329946022
1194 329946022
1195 329946022
1196 329946022
1197 329946022
1198 329946022
1199 329946022
1200 329946022
1201 329946022
1202 329946022
1203 329946022
1204 329946022
1205 329946022
1206 329946022
1207 329946022
1208 329946022
1209 329946022
1210 329946022
1211 329946022
1212 329946022
1213 329946022
1214 329946022
1215 329946022
1216 329946022
1217 329946022
1218 329946022
1219 329946022
1220 329946022
1221 329946022
1222 329946022
1223 329946022
1224 329946022
1225 329946022
1226 329946022
1227 329946022
1228 328565288
1229 328565288
1230 328565288
1231 328565288
1232 328565288
1233 328565288
1234 328565288
1235 328565288
1236 328565288
1237 328565288
1238 328565288
1239 328565288
1240 328531326
1241 328531326
1242 328531326
1243 328531326
1244 328531326
1245 328531326
1246 328531326
1247 328531326
1248 328531326
1249 328531326
1250 328531326
1251 328531326
1252 328374453
1253 328374453
1254 328374453
1255 328374453
1256 328374453
1257 328374453
1258 328374453
1259 328374453
1260 328374453
1261 328374453
1262 327741923
1263 327741923
1264 327493817
1265 327493817
1266 327493817
1267 327493817
1268 327493817
1269 327493817
1270 327493817
1271 327493817
1272 327493817
1273 327493817
1274 327493817
1275 327493817
1276 327493817
1277 327493817
1278 327208518
1279 327208518
1280 327208518
1281 327208518
1282 327208518
1283 327208518
1284 327208518
1285 327208518
1286 327208518
1287 327208518
1288 327208518
1289 327208518
1290 327208518
1291 327208518
1292 327208518
1293 327208518
1294 327208518
1295 327208518
1296 327208518
1297 327208518
1298 327208518
1299 327208518
1300 327208518
1301 327208518
1302 327208518
1303 327208518
1304 327208518
1305 327208518
1306 327208518
1307 327208518
1308 327208518
1309 327208518
1310 327208518
1311 327208518
1312 327208518
1313 327208518
1314 327208518
1315 327208518
1316 327208518
1317 327208518
1318 327208518
1319 327208518
1320 327208518
1321 327208518
1322 327208518
1323 327208518
1324 327208518
1325 327208518
1326 327208518
1327 327208518
1328 327208518
1329 327208518
1330 327208518
1331 327208518
1332 327208518
1333 327114749
1334 327114749
1335 327114749
1336 327114749
1337 327114749
1338 327114749
1339 327114749
1340 327114749
1341 327114749
1342 327114749
1343 327114749
1344 327114749
1345 327114749
1346 327114749
1347 327114749
1348 327114749
1349 327114749
1350 327114749
1351 327114749
1352 327114749
1353 327064452
1354 327064452
1355 327064452
1356 327064452
1357 327064452
1358 327064452
1359 327064452
1360 327064452
1361 327064452
1362 327064452
1363 327064452
1364 327064452
1365 326878938
1366 326878938
1367 326878938
1368 326878938
1369 326878938
1370 323696260
1371 323696260
1372 323696260
1373 323696260
1374 323696260
1375 323696260
1376 323696260
1377 323696260
1378 323696260
1379 323696260
1380 323696260
1381 323696260
1382 323696260
1383 323696260
1384 323696260
1385 323696260
1386 323696260
1387 323696260
1388 323696260
1389 323696260
1390 323696260
1391 323696260
1392 323696260
1393 323696260
1394 323696260
1395 323696260
1396 323696260
1397 323696260
1398 323696260
1399 323696260
1400 323696260
1401 323696260
1402 323696260
1403 323696260
1404 323696260
1405 323696260
1406 323696260
1407 323696260
1408 323696260
1409 323696260
1410 323696260
1411 323696260
1412 323696260
1413 323696260
1414 323696260
1415 323696260
1416 323696260
1417 323696260
1418 323696260
1419 323696260
1420 318873469
1421 318873469
1422 318873469
1423 318873469
1424 318873469
1425 318873469
1426 318873469
1427 318873469
1428 318873469
1429 318873469
1430 318873469
1431 318873469
1432 318873469
1433 318873469
1434 318873469
1435 318873469
1436 318873469
1437 318873469
1438 318873469
1439 318873469
1440 318873469
1441 318873469
1442 318873469
1443 318873469
1444 318873469
1445 318873469
1446 318873469
1447 318873469
1448 318873469
1449 318873469
1450 318873469
1451 318873469
1452 318873469
1453 318873469
1454 318873469
1455 318873469
1456 318873469
1457 318873469
1458 318873469
1459 318388706
1460 318388706
1461 318388706
1462 318388706
1463 318388706
1464 318388706
1465 318388706
1466 318388706
1467 318388706
1468 318388706
1469 318388706
1470 318388706
1471 317459721
1472 317459721
1473 317459721
1474 317459721
1475 317459721
1476 317459721
1477 317459721
1478 317440271
1479 317440271
1480 317440271
1481 317440271
1482 317440271
1483 317440271
1484 317440271
1485 317440271
1486 317440271
1487 317440271
1488 317332836
1489 317332836
1490 317332836
1491 317332836
1492 317332836
1493 317332836
1494 317332836
1495 317332836
1496 317142275
1497 317142275
1498 317142275
1499 317142275
1500 317142275
1501 317142275
1502 317142275
1503 317142275
1504 317142275
1505 317142275
1506 317142275
1507 317142275
1508 317142275
1509 317142275
1510 317142275
1511 317142275
1512 317142275
1513 317142275
1514 317142275
1515 317142275
1516 317142275
1517 317142275
1518 317142275
1519 317142275
1520 317142275
1521 317142275
1522 317142275
1523 317142275
1524 317142275
1525 317142275
1526 317142275
1527 317142275
1528 317142275
1529 317142275
1530 317142275
1531 317142275
1532 317142275
1533 317142275
1534 317142275
1535 317142275
1536 317142275
1537 317142275
1538 317142275
1539 317142275
1540 317142275
1541 317142275
1542 317142275
1543 317142275
1544 317142275
1545 317142275
1546 317142275
1547 317142275
1548 317085582
1549 317085582
1550 317085582
1551 317085582
1552 317085582
1553 317085582
1554 317085582
1555 317085582
1556 317085582
1557 317085582
1558 317085582
1559 317085582
1560 317085582
1561 317085582
1562 317085582
1563 317085582
1564 317085582
1565 317085582
1566 317085582
1567 317085582
1568 317085582
1569 317085582
1570 317085582
1571 317085582
1572 317085582
1573 317085582
1574 317085582
1575 317085582
1576 317085582
1577 317085582
1578 317085582
1579 317085582
1580 317085582
1581 317085582
1582 317085582
1583 317085582
1584 317085582
1585 317085582
1586 317085582
1587 317085582
1588 317085582
1589 317085582
1590 317085582
1591 317085582
1592 317085582
1593 317085582
1594 317085582
1595 317085582
1596 317085582
1597 317085582
1598 317085582
1599 317085582
1600 317085582
1601 317085582
1602 317085582
1603 317085582
1604 317085582
1605 317085582
1606 317085582
1607 317085582
1608 317085582
1609 317085582
1610 317085582
1611 317085582
1612 317085582
1613 317085582
1614 317085582
1615 317085582
1616 317085582
1617 317085582
1618 316979727
1619 316979727
1620 316979727
1621 316979727
1622 316979727
1623 316979727
1624 316979727
1625 316979727
1626 316979727
1627 316979727
1628 316979727
1629 316979727
1630 316979727
1631 316979727
1632 316979727
1633 316979727
1634 316979727
1635 316979727
1636 316979727
1637 316979727
1638 316979727
1639 316979727
1640 316979727
1641 316979727
1642 316979727
1643 316979727
1644 316979727
1645 316872376
1646 316872376
1647 316872376
1648 316872376
1649 316872376
1650 316872376
1651 316872376
1652 316872376
1653 316872376
1654 316872376
1655 316872376
1656 316872376
1657 316872376
1658 316872376
1659 316872376
1660 316872376
1661 316872376
1662 316872376
1663 316872376
1664 316872376
1665 316872376
1666 316872376
1667 316872376
1668 316872376
1669 316872376
1670 316872376
1671 316872376
1672 316872376
1673 316872376
1674 316872376
1675 316872376
1676 316872376
1677 316872376
1678 316872376
1679 316872376
1680 316872376
1681 316872376
1682 316794910
1683 316794910
1684 316634523
1685 316634523
1686 316634523
1687 316634523
1688 316634523
1689 316634523
1690 316634523
1691 316634523
1692 316634523
1693 316634523
1694 316634523
1695 316634523
1696 316634523
1697 316634523
1698 316634523
1699 316634523
1700 316634523
1701 316634523
1702 316634523
1703 316634523
1704 316634523
1705 316634523
1706 316634523
1707 316634523
1708 316634523
1709 316634523
1710 316634523
1711 316634523
1712 316634523
1713 316634523
1714 316634523
1715 316634523
1716 316634523
1717 316634523
1718 316634523
1719 316634523
1720 316634523
1721 316634523
1722 316634523
1723 316634523
1724 316634523
1725 316634523
1726 316634523
1727 316634523
1728 316634523
1729 316634523
1730 316634523
1731 316634523
1732 316634523
1733 316634523
1734 316634523
1735 316634523
1736 316634523
1737 316634523
1738 316634523
1739 316634523
1740 316634523
1741 316634523
1742 316634523
1743 316634523
1744 316634523
1745 316634523
1746 316634523
1747 316634523
1748 316634523
1749 316634523
1750 316634523
1751 316634523
1752 316634523
1753 316634523
1754 316634523
1755 316634523
1756 316634523
1757 316634523
1758 316634523
1759 316634523
1760 316634523
1761 316634523
1762 316634523
1763 316634523
1764 316634523
1765 316634523
1766 316634523
1767 316634523
1768 316634523
1769 316634523
1770 316634523
1771 316634523
1772 316634523
1773 316634523
1774 316634523
1775 316634523
1776 316634523
1777 316634523
1778 316634523
1779 316634523
1780 316634523
1781 316634523
1782 316634523
1783 316634523
1784 316634523
1785 316634523
1786 316634523
1787 316634523
1788 316634523
1789 316634523
1790 316634523
1791 316634523
1792 316634523
1793 316634523
1794 316634523
1795 316634523
1796 316634523
1797 316634523
1798 316634523
1799 316634523
1800 316634523
1801 316634523
1802 316634523
1803 316634523
1804 316634523
1805 316634523
1806 316634523
1807 316634523
1808 316634523
1809 316634523
1810 316634523
1811 316634523
1812 316634523
1813 316634523
1814 316634523
1815 316634523
1816 316634523
1817 316634523
1818 316634523
1819 316634523
1820 316634523
1821 316634523
1822 316634523
1823 316634523
1824 316634523
1825 316634523
1826 316634523
1827 316634523
1828 316634523
1829 316490977
1830 316490977
1831 316490977
1832 316490977
1833 316490977
1834 316490977
1835 316490977
1836 316490977
1837 316490977
1838 316490977
1839 316490977
1840 316490977
1841 316490977
1842 316490977
1843 316478855
1844 316478855
1845 316440417
1846 316440417
1847 316440417
1848 316440417
1849 316440417
1850 316440417
1851 316440417
1852 316440417
1853 316209190
1854 316209190
1855 316209190
1856 316209190
1857 316209190
1858 316209190
1859 316209190
1860 316209190
1861 316209190
1862 316209190
1863 316209190
1864 316209190
1865 316209190
1866 316209190
1867 316209190
1868 316209190
1869 316209190
1870 316209190
1871 316209190
1872 316209190
1873 316209190
1874 316209190
1875 316209190
1876 316209190
1877 316209190
1878 316209190
1879 316209190
1880 316209190
1881 316209190
1882 316209190
1883 316209190
1884 316209190
1885 316209190
1886 316209190
1887 316209190
1888 316209190
1889 316209190
1890 316209190
1891 316209190
1892 316209190
1893 316209190
1894 316209190
1895 316209190
1896 316209190
1897 316209190
1898 316209190
1899 316209190
1900 316209190
1901 316209190
1902 316209190
1903 316209190
1904 316209190
1905 316209190
1906 316209190
1907 316209190
1908 316209190
1909 316209190
1910 316209190
1911 316209190
1912 316209190
1913 316209190
1914 316209190
1915 316209190
1916 316209190
1917 316209190
1918 316209190
1919 316209190
1920 316209190
1921 316209190
1922 316209190
1923 316209190
1924 316209190
1925 316209190
1926 316209190
1927 316209190
1928 316209190
1929 316209190
1930 316209190
1931 316209190
1932 316209190
1933 316209190
1934 316209190
1935 316209190
1936 316209190
1937 316209190
1938 316209190
1939 316209190
1940 316209190
1941 316209190
1942 316209190
1943 316209190
1944 316209190
1945 316209190
1946 316209190
1947 316209190
1948 316209190
1949 316209190
1950 316209190
1951 316209190
1952 316209190
1953 316209190
1954 316209190
1955 316209190
1956 316209190
1957 316209190
1958 316209190
1959 316209190
1960 316209190
1961 316209190
1962 316209190
1963 316209190
1964 316209190
1965 316209190
1966 316209190
1967 316209190
1968 316209190
1969 316209190
1970 316209190
1971 316209190
1972 316209190
1973 316209190
1974 316209190
1975 316209190
1976 316209190
1977 316209190
1978 316209190
1979 316209190
1980 316209190
1981 316209190
1982 316209190
1983 316209190
1984 316209190
1985 316209190
1986 316209190
1987 316209190
1988 316209190
1989 316209190
1990 316209190
1991 316209190
1992 316209190
1993 316209190
1994 316209190
1995 316209190
1996 316209190
1997 316209190
1998 316209190
1999 316209190
2000 316209190
2001 316209190
2002 316209190
2003 316209190
2004 316209190
2005 316209190
2006 316209190
2007 316209190
2008 316209190
2009 316209190
2010 316209190
2011 316209190
2012 316209190
2013 316209190
2014 316209190
2015 316209190
2016 316209190
2017 316209190
2018 316209190
2019 316209190
2020 316209190
2021 316209190
2022 316209190
2023 316209190
2024 316209190
2025 316209190
2026 316209190
2027 316209190
2028 316209190
2029 316209190
2030 316209190
2031 316209190
2032 316209190
2033 316209190
2034 316209190
2035 316209190
2036 316209190
2037 316209190
2038 316209190
2039 316209190
2040 316209190
2041 316209190
2042 316209190
2043 316209190
2044 316209190
2045 316209190
2046 316209190
2047 316209190
2048 316209190
2049 316209190
2050 316209190
2051 316209190
2052 316209190
2053 316209190
2054 316209190
2055 316209190
2056 316209190
2057 316209190
2058 316209190
2059 316209190
2060 316209190
2061 316209190
2062 316209190
2063 316209190
2064 316209190
2065 316209190
2066 316209190
2067 316209190
2068 316209190
2069 316209190
2070 316209190
2071 316209190
2072 316209190
2073 316209190
2074 316209190
2075 316209190
2076 316209190
2077 316209190
2078 316209190
2079 316209190
2080 316209190
2081 316209190
2082 316209190
2083 316209190
2084 316209190
2085 316209190
2086 316209190
2087 316209190
2088 316209190
2089 316209190
2090 316209190
2091 316209190
2092 316209190
2093 316209190
2094 316209190
2095 316209190
2096 316209190
2097 316209190
2098 316209190
2099 316209190
2100 316209190
2101 316209190
2102 316209190
2103 316209190
2104 316209190
2105 316209190
2106 316209190
2107 316209190
2108 316209190
2109 316209190
2110 316209190
2111 316209190
2112 316209190
2113 316209190
2114 316209190
2115 316209190
2116 316209190
2117 316209190
2118 316209190
2119 316209190
2120 316209190
2121 316209190
2122 316209190
2123 316209190
2124 316209190
2125 316209190
2126 316209190
2127 316209190
2128 316209190
2129 316209190
2130 316209190
2131 316209190
2132 316209190
2133 316209190
2134 316209190
2135 316209190
2136 316209190
2137 316209190
2138 316209190
2139 316209190
2140 316209190
2141 316209190
2142 316209190
2143 316209190
2144 316209190
2145 316209190
2146 316209190
2147 316209190
2148 316209190
2149 316209190
2150 316209190
2151 316209190
2152 316209190
2153 316209190
2154 316209190
2155 316209190
2156 316209190
2157 316209190
2158 316209190
2159 316209190
2160 316209190
2161 316209190
2162 316209190
2163 316209190
2164 316209190
2165 316209190
2166 316209190
2167 316209190
2168 316209190
2169 316209190
2170 316209190
2171 316209190
2172 316209190
2173 316209190
2174 316209190
2175 316209190
2176 316209190
2177 316209190
2178 316209190
2179 316209190
2180 316209190
2181 316209190
2182 316209190
2183 316209190
2184 316209190
2185 316209190
2186 316209190
2187 316209190
2188 316209190
2189 316209190
2190 316209190
2191 316209190
2192 316209190
2193 316209190
2194 316209190
2195 316209190
2196 316209190
2197 316209190
2198 316209190
2199 316209190
2200 316209190
2201 316209190
2202 316209190
2203 316209190
2204 316209190
2205 316209190
2206 316209190
2207 316209190
2208 316209190
2209 316209190
2210 316209190
2211 316209190
2212 316209190
2213 316209190
2214 316209190
2215 316209190
2216 316209190
2217 316209190
2218 316209190
2219 316209190
2220 316209190
2221 316209190
2222 316209190
2223 316209190
2224 315926190
2225 315926190
2226 315926190
2227 315926190
2228 315926190
2229 315926190
2230 315926190
2231 315926190
2232 315926190
2233 315926190
2234 315926190
2235 315926190
2236 315926190
2237 315926190
2238 315926190
2239 315926190
2240 315926190
2241 315926190
2242 315926190
2243 315926190
2244 315926190
2245 315926190
2246 315926190
2247 315926190
2248 315926190
2249 315926190
2250 315926190
2251 315926190
2252 315926190
2253 315926190
2254 315926190
2255 315926190
2256 315926190
2257 315926190
2258 315926190
2259 315474293
2260 315474293
2261 315474293
2262 315474293
2263 315474293
2264 315474293
2265 315474293
2266 314245641
2267 314245641
2268 314245641
2269 314245641
2270 314245641
2271 314245641
2272 314245641
2273 314245641
2274 314245641
2275 314245641
2276 314245641
2277 314245641
2278 314245641
2279 314245641
2280 314245641
2281 314245641
2282 314245641
2283 314245641
2284 314245641
2285 314245641
2286 314245641
2287 314245641
2288 314245641
2289 314245641
2290 314245641
2291 314245641
2292 314245641
2293 314245641
2294 314245641
2295 314245641
2296 314245641
2297 314116595
2298 314116595
2299 314116595
2300 314116595
2301 314116595
2302 314116595
2303 314116595
2304 314116595
2305 314116595
2306 314116595
2307 314116595
2308 314116595
2309 314116595
2310 314116595
2311 314116595
2312 314116595
2313 314116595
2314 314116595
2315 314116595
2316 314116595
2317 314116595
2318 314116595
2319 314116595
2320 314116595
2321 314116595
2322 314116595
2323 314116595
2324 314116595
2325 314116595
2326 314116595
2327 314116595
2328 314116595
2329 314116595
2330 314116595
2331 314116595
2332 314116595
2333 314116595
2334 314116595
2335 314116595
2336 314116595
2337 314116595
2338 314116595
2339 314116595
2340 314116595
2341 314116595
2342 314116595
2343 314116595
2344 314116595
2345 314116595
2346 314116595
2347 314116595
2348 314116595
2349 314116595
2350 314116595
2351 314116595
2352 314116595
2353 314116595
2354 314116595
2355 314116595
2356 314116595
2357 314116595
2358 314116595
2359 314116595
2360 314116595
2361 314116595
2362 314116595
2363 314116595
2364 314116595
2365 314116595
2366 314116595
2367 314116595
2368 314116595
2369 314116595
2370 314116595
2371 314116595
2372 314116595
2373 314116595
2374 314116595
2375 314116595
2376 314116595
2377 314116595
2378 314116595
2379 314116595
2380 314116595
2381 314116595
2382 314116595
2383 314116595
2384 314116595
2385 314116595
2386 313829632
2387 313829632
2388 313829632
2389 313829632
2390 313829632
2391 313829632
2392 313829632
2393 313829632
2394 313829632
2395 313829632
2396 313829632
2397 313829632
2398 313829632
2399 313829632
2400 313829632
2401 313829632
2402 313829632
2403 313829632
2404 313829632
2405 313829632
2406 313829632
2407 313829632
2408 313829632
2409 313829632
2410 313829632
2411 313829632
2412 313829632
2413 313829632
2414 313829632
2415 313829632
2416 313829632
2417 313829632
2418 313829632
2419 313829632
2420 313829632
2421 313829632
2422 313829632
2423 313829632
2424 313829632
2425 313829632
2426 313829632
2427 313829632
2428 313829632
2429 313829632
2430 313829632
2431 313829632
2432 313829632
2433 313829632
2434 313829632
2435 313829632
2436 313829632
2437 313829632
2438 313829632
2439 313829632
2440 313829632
2441 313829632
2442 313829632
2443 313829632
2444 313829632
2445 313829632
2446 313488481
2447 313488481
2448 313488481
2449 313488481
2450 313488481
2451 313488481
2452 313488481
2453 313488481
2454 313488481
2455 313488481
2456 313488481
2457 313488481
2458 313488481
2459 313488481
2460 313488481
2461 313488481
2462 313488481
2463 313488481
2464 313488481
2465 313488481
2466 313399953
2467 313399953
2468 313399953
2469 313399953
2470 313399953
2471 313399953
2472 313399953
2473 313399953
2474 313399953
2475 313399953
2476 313399953
2477 313399953
2478 313399953
2479 313399953
2480 313399953
2481 313399953
2482 313399953
2483 313399953
2484 313399953
2485 313399953
2486 313399953
2487 313399953
2488 313399953
2489 313399953
2490 313399953
2491 313399953
2492 313399953
2493 313399953
2494 313399953
2495 313399953
2496 313399953
2497 313399953
2498 313399953
2499 313399953
2500 313399953
2501 313399953
2502 313399953
2503 313399953
2504 313399953
2505 313399953
2506 313399953
2507 313399953
2508 313399953
2509 313399953
2510 313399953
2511 313399953
2512 313399953
2513 313399953
2514 313399953
2515 313399953
2516 313399953
2517 313399953
2518 313399953
2519 313399953
2520 313399953
2521 313399953
2522 313399953
2523 313399953
2524 313399953
2525 313399953
2526 313399953
2527 313399953
2528 313399953
2529 313399953
2530 313399953
2531 313399953
2532 313399953
2533 313314376
2534 313314376
2535 313314376
2536 313314376
2537 313314376
2538 313314376
2539 313314376
2540 313314376
2541 313314376
2542 313314376
2543 313314376
2544 313314376
2545 313314376
2546 313314376
2547 313314376
2548 313314376
2549 313314376
2550 313314376
2551 313314376
2552 313314376
2553 313314376
2554 313314376
2555 313314376
2556 313314376
2557 313314376
2558 313314376
2559 313314376
2560 313314376
2561 313314376
2562 313314376
2563 313314376
2564 313314376
2565 313314376
2566 313314376
2567 313314376
2568 313314376
2569 313314376
2570 313314376
2571 313314376
2572 313314376
2573 313314376
2574 313314376
2575 313314376
2576 313314376
2577 313314376
2578 313314376
2579 313314376
2580 313314376
2581 313314376
2582 313314376
2583 313314376
2584 313314376
2585 313314376
2586 313314376
2587 313314376
2588 313314376
2589 313314376
2590 313314376
2591 313314376
2592 313314376
2593 313314376
2594 313314376
2595 313314376
2596 313314376
2597 313314376
2598 313314376
2599 313314376
2600 313314376
2601 313314376
2602 313314376
2603 313314376
2604 313314376
2605 313314376
2606 313314376
2607 313314376
2608 313314376
2609 313314376
2610 313314376
2611 313314376
2612 313314376
2613 313314376
2614 313314376
2615 313314376
2616 313314376
2617 313314376
2618 313314376
2619 313314376
2620 313314376
2621 313314376
2622 313314376
2623 313314376
2624 313314376
2625 313314376
2626 313314376
2627 313314376
2628 313314376
2629 313314376
2630 313314376
2631 313314376
2632 313314376
2633 313314376
2634 313314376
2635 313314376
2636 313314376
2637 313314376
2638 313220329
2639 313220329
2640 313220329
2641 313220329
2642 313220329
2643 313041089
2644 313041089
2645 313041089
2646 313041089
2647 313041089
2648 313041089
2649 313041089
2650 313041089
2651 313041089
2652 313041089
2653 313041089
2654 313041089
2655 313041089
2656 313041089
2657 313041089
2658 313041089
2659 313041089
2660 313041089
2661 313041089
2662 313041089
2663 313041089
2664 313041089
2665 313041089
2666 313041089
2667 313041089
2668 313041089
2669 313041089
2670 313041089
2671 313041089
2672 313041089
2673 313041089
2674 313041089
2675 313041089
2676 313041089
2677 313041089
2678 312936488
2679 312936488
2680 312936488
2681 312936488
2682 312936488
2683 312936488
2684 312936488
2685 312506805
2686 312506805
2687 312506805
2688 312506805
2689 312506805
2690 312506805
2691 312506805
2692 312506805
2693 312506805
2694 312506805
2695 312506805
2696 312506805
2697 312506805
2698 312506805
2699 312506805
2700 312506805
2701 312506805
2702 312506805
2703 312506805
2704 312506805
2705 312506805
2706 312506805
2707 312506805
2708 312506805
2709 312506805
2710 312506805
2711 312506805
2712 312506805
2713 312506805
2714 312506805
2715 312506805
2716 312506805
2717 312506805
2718 312506805
2719 312506805
2720 312506805
2721 312506805
2722 312506805
2723 312506805
2724 312506805
2725 312506805
2726 312506805
2727 312506805
2728 312506805
2729 312506805
2730 312506805
2731 312506805
2732 312506805
2733 312506805
2734 312506805
2735 312506805
2736 312506805
2737 312506805
2738 312506805
2739 312506805
2740 312506805
2741 312506805
2742 312506805
2743 312506805
2744 312506805
2745 312506805
2746 312506805
2747 312506805
2748 312506805
2749 312506805
2750 312506805
2751 312506805
2752 312506805
2753 312506805
2754 312506805
2755 312506805
2756 312506805
2757 312506805
2758 312506805
2759 312506805
2760 312506805
2761 312506805
2762 312506805
2763 312506805
2764 312506805
2765 312506805
2766 312506805
2767 312506805
2768 312506805
2769 312506805
2770 312506805
2771 312506805
2772 312506805
2773 312506805
2774 312506805
2775 312506805
2776 312506805
2777 312506805
2778 312506805
2779 312506805
2780 312506805
2781 312506805
2782 312506805
2783 312506805
2784 312358990
2785 312119248
2786 312119248
2787 312119248
2788 312119248
2789 312119248
2790 312119248
2791 312119248
2792 312119248
2793 312119248
2794 312119248
2795 312119248
2796 312119248
2797 312119248
2798 312119248
2799 312119248
2800 312119248
2801 312119248
2802 312119248
2803 312119248
2804 312119248
2805 312119248
2806 312119248
2807 312119248
2808 312119248
2809 312119248
2810 312119248
2811 312119248
2812 312119248
2813 312119248
2814 312119248
2815 312119248
2816 311780604
2817 311780604
2818 311780604
2819 311780604
2820 311780604
2821 311780604
2822 311780604
2823 311780604
2824 311780604
2825 311780604
2826 311780604
2827 311780604
2828 311780604
2829 311780604
2830 311780604
2831 311780604
2832 311780604
2833 311780604
2834 311780604
2835 311780604
2836 311780604
2837 311780604
2838 311780604
2839 311780604
2840 311780604
2841 311780604
2842 311780604
2843 311780604
2844 311780604
2845 311780604
2846 311780604
2847 311780604
2848 311780604
2849 311780604
2850 311780604
2851 311780604
2852 311780604
2853 311780604
2854 311780604
2855 311780604
2856 311780604
2857 311780604
2858 311780604
2859 311780604
2860 311780604
2861 311780604
2862 311780604
2863 311780604
2864 311780604
2865 311780604
2866 311780604
2867 311780604
2868 311780604
2869 311780604
2870 311780604
2871 311780604
2872 311780604
2873 311780604
2874 311780604
2875 311780604
2876 311780604
2877 311780604
2878 311780604
2879 311780604
2880 311780604
2881 311780604
2882 311780604
2883 311780604
2884 311780604
2885 311780604
2886 311780604
2887 311780604
2888 311780604
2889 311780604
2890 311780604
2891 311780604
2892 311780604
2893 311780604
2894 311780604
2895 311780604
2896 311780604
2897 311780604
2898 311780604
2899 311780604
2900 311780604
2901 311780604
2902 311780604
2903 311780604
2904 311780604
2905 311780604
2906 311780604
2907 311780604
2908 311780604
2909 311780604
2910 311780604
2911 311780604
2912 311780604
2913 311780604
2914 311780604
2915 311780604
2916 311780604
2917 311780604
2918 311780604
2919 311780604
2920 311780604
2921 311780604
2922 311780604
2923 311780604
2924 311780604
2925 311780604
2926 311780604
2927 311780604
2928 311780604
2929 311780604
2930 311780604
2931 311780604
2932 311780604
2933 311780604
2934 311780604
2935 311780604
2936 311780604
2937 311780604
2938 311780604
2939 311780604
2940 311780604
2941 311780604
2942 311780604
2943 311780604
2944 311780604
2945 311780604
2946 311780604
2947 311780604
2948 311780604
2949 311780604
2950 311780604
2951 311780604
2952 311780604
2953 311780604
2954 311780604
2955 311780604
2956 311780604
2957 311780604
2958 311780604
2959 311780604
2960 311780604
2961 311780604
2962 311780604
2963 311780604
2964 311780604
2965 311780604
2966 311780604
2967 311780604
2968 311780604
2969 311780604
2970 311780604
2971 311780604
2972 311780604
2973 311780604
2974 311780604
2975 311780604
2976 311780604
2977 311780604
2978 311780604
2979 311780604
2980 311780604
2981 311780604
2982 311780604
2983 311780604
2984 311780604
2985 311780604
2986 311780604
2987 311780604
2988 311780604
2989 311780604
2990 311780604
2991 311780604
2992 311780604
2993 311780604
2994 311780604
2995 311780604
2996 311780604
2997 311780604
2998 311780604
2999 311780604
3000 311780604
3001 311780604
3002 311780604
3003 311780604
3004 311780604
3005 311780604
3006 311780604
3007 311780604
3008 311780604
3009 311780604
3010 311780604
3011 311780604
3012 311780604
3013 311780604
3014 311780604
3015 311780604
3016 311780604
3017 311780604
3018 311780604
3019 311780604
3020 311780604
3021 311780604
3022 311780604
3023 311780604
3024 311780604
3025 311780604
3026 311780604
3027 311780604
3028 311780604
3029 311780604
3030 311780604
3031 311780604
3032 311780604
3033 311780604
3034 311780604
3035 311780604
3036 311780604
3037 311780604
3038 311780604
3039 311780604
3040 311780604
3041 311780604
3042 311780604
3043 311780604
3044 311780604
3045 311780604
3046 311780604
3047 311780604
3048 311780604
3049 311780604
3050 311780604
3051 311780604
3052 311780604
3053 311780604
3054 311780604
3055 311780604
3056 311780604
3057 311780604
3058 311780604
3059 311780604
3060 311780604
3061 311780604
3062 311780604
3063 311780604
3064 311780604
3065 311780604
3066 311780604
3067 311780604
3068 311780604
3069 311780604
3070 311780604
3071 311780604
3072 311780604
3073 311780604
3074 311780604
3075 311780604
3076 311780604
3077 311780604
3078 311780604
3079 311780604
3080 311780604
3081 311780604
3082 311780604
3083 311780604
3084 311780604
3085 311780604
3086 311780604
3087 311780604
3088 311780604
3089 311780604
3090 311780604
3091 311780604
3092 311780604
3093 311780604
3094 311780604
3095 311780604
3096 311780604
3097 311780604
3098 311780604
3099 311780604
3100 311780604
3101 311780604
3102 311780604
3103 311780604
3104 311780604
3105 311780604
3106 311780604
3107 311780604
3108 311780604
3109 311780604
3110 311780604
3111 311780604
3112 311780604
3113 311780604
3114 311780604
3115 311780604
3116 311780604
3117 311780604
3118 311780604
3119 311780604
3120 311780604
3121 311780604
3122 311780604
3123 311780604
3124 311780604
3125 311780604
3126 311780604
3127 311780604
3128 311780604
3129 311780604
3130 311780604
3131 311780604
3132 311780604
3133 311780604
3134 311780604
3135 311780604
3136 311780604
3137 311780604
3138 311780604
3139 311780604
3140 311780604
3141 311780604
3142 311780604
3143 311780604
3144 311780604
3145 311780604
3146 311780604
3147 311780604
3148 311780604
3149 311780604
3150 311780604
3151 311780604
3152 311780604
3153 311780604
3154 311780604
3155 311780604
3156 311780604
3157 311780604
3158 311780604
3159 311780604
3160 311780604
3161 311780604
3162 311780604
3163 311780604
3164 311780604
3165 311780604
3166 311780604
3167 311780604
3168 311780604
3169 311780604
3170 311780604
3171 311780604
3172 311780604
3173 311780604
3174 311780604
3175 311780604
3176 311780604
3177 311780604
3178 311780604
3179 311780604
3180 311780604
3181 311780604
3182 311780604
3183 311780604
3184 311780604
3185 311780604
3186 311780604
3187 311780604
3188 311780604
3189 311780604
3190 311780604
3191 311780604
3192 311780604
3193 311780604
3194 311780604
3195 311780604
3196 311780604
3197 311780604
3198 311780604
3199 311780604
3200 311780604
3201 311780604
3202 311780604
3203 311780604
3204 311780604
3205 311780604
3206 311447718
3207 311447718
3208 311447718
3209 311447718
3210 311447718
3211 311447718
3212 311447718
3213 311447718
3214 311447718
3215 311447718
3216 311447718
3217 311447718
3218 311447718
3219 311447718
3220 311447718
3221 311447718
3222 311447718
3223 311447718
3224 311447718
3225 311256694
3226 311256694
3227 311256694
3228 311256694
3229 311256694
3230 311256694
3231 311256694
3232 311256694
3233 311256694
3234 311256694
3235 311256694
3236 311256694
3237 311256694
3238 311256694
3239 311256694
3240 311256694
3241 311256694
3242 311256694
3243 311256694
3244 311256694
3245 311256694
3246 311256694
3247 311256694
3248 311256694
3249 311256694
3250 311256694
3251 311256694
3252 311256694
3253 311256694
3254 311256694
3255 311256694
3256 311256694
3257 311256694
3258 311256694
3259 311256694
3260 311256694
3261 311256694
3262 311256694
3263 311256694
3264 311256694
3265 311256694
3266 311256694
3267 311256694
3268 311256694
3269 311256694
3270 311256694
3271 311256694
3272 311256694
3273 311256694
3274 311256694
3275 311256694
3276 311256694
3277 311256694
3278 311256694
3279 311256694
3280 311256694
3281 311256694
3282 311256694
3283 311256694
3284 311256694
3285 311256694
3286 311256694
3287 311256694
3288 311256694
3289 311256694
3290 311256694
3291 311256694
3292 311256694
3293 311256694
3294 311256694
3295 311256694
3296 311256694
3297 311256694
3298 311256694
3299 311256694
3300 311256694
3301 311256694
3302 311256694
3303 311256694
3304 311256694
3305 311256694
3306 311256694
3307 311256694
3308 311256694
3309 311256694
3310 311256694
3311 311256694
3312 311256694
3313 311256694
3314 311256694
3315 311256694
3316 311256694
3317 311256694
3318 311256694
3319 311256694
3320 311256694
3321 311256694
3322 311256694
3323 311256694
3324 311256694
3325 311256694
3326 311256694
3327 311256694
3328 311256694
3329 311256694
3330 311256694
3331 311256694
3332 311256694
3333 311256694
3334 311256694
3335 311256694
3336 311256694
3337 311256694
3338 311256694
3339 311256694
3340 311256694
3341 311256694
3342 311256694
3343 311256694
3344 311256694
3345 311256694
3346 311256694
3347 311256694
3348 311256694
3349 311256694
3350 311256694
3351 311256694
3352 311256694
3353 311256694
3354 311256694
3355 311256694
3356 311256694
3357 311256694
3358 311256694
3359 311256694
3360 311256694
3361 311256694
3362 311256694
3363 311256694
3364 311256694
3365 311256694
3366 311256694
3367 311256694
3368 311256694
3369 311256694
3370 311256694
3371 311256694
3372 311256694
3373 311256694
3374 311256694
3375 311256694
3376 311256694
3377 311256694
3378 311256694
3379 311256694
3380 311256694
3381 311256694
3382 311256694
3383 311256694
3384 311256694
3385 311256694
3386 311256694
3387 311256694
3388 311256694
3389 311256694
3390 311256694
3391 311256694
3392 311256694
3393 311256694
3394 311256694
3395 311256694
3396 311256694
3397 311256694
3398 311256694
3399 311256694
3400 311256694
3401 311256694
3402 311256694
3403 311256694
3404 311256694
3405 311256694
3406 311256694
3407 311256694
3408 311256694
3409 311256694
3410 311256694
3411 311256694
3412 311256694
3413 311256694
3414 311256694
3415 311256694
3416 311256694
3417 311256694
3418 311256694
3419 311256694
3420 311256694
3421 311256694
3422 311256694
3423 311256694
3424 311256694
3425 311256694
3426 311256694
3427 311256694
3428 311256694
3429 311256694
3430 311256694
3431 311256694
3432 311256694
3433 311256694
3434 311256694
3435 311256694
3436 311256694
3437 311256694
3438 311256694
3439 311256694
3440 311256694
3441 311256694
3442 311256694
3443 311256694
3444 311256694
3445 311256694
3446 311256694
3447 311256694
3448 311256694
3449 311256694
3450 311256694
3451 311256694
3452 311256694
3453 311256694
3454 311256694
3455 311256694
3456 311256694
3457 311256694
3458 311256694
3459 311256694
3460 311256694
3461 311256694
3462 311256694
3463 311256694
3464 311256694
3465 311256694
3466 311256694
3467 311256694
3468 311256694
3469 311256694
3470 311256694
3471 311256694
3472 311256694
3473 311256694
3474 311256694
3475 311256694
3476 311256694
3477 311256694
3478 311256694
3479 311256694
3480 311256694
3481 311256694
3482 311256694
3483 311256694
3484 311256694
3485 311256694
3486 311256694
3487 311256694
3488 311256694
3489 311256694
3490 311256694
3491 311256694
3492 311256694
3493 311256694
3494 311256694
3495 311256694
3496 311256694
3497 311256694
3498 311256694
3499 311256694
3500 311256694
3501 311256694
3502 311256694
3503 311256694
3504 311256694
3505 311256694
3506 311256694
3507 311256694
3508 311256694
3509 311256694
3510 311256694
3511 311256694
3512 311256694
3513 311256694
3514 311256694
3515 311256694
3516 311256694
3517 311256694
3518 311256694
3519 311256694
3520 311256694
3521 311256694
3522 311256694
3523 311256694
3524 311256694
3525 311256694
3526 311256694
3527 311256694
3528 311256694
3529 311256694
3530 311256694
3531 311256694
3532 311256694
3533 311256694
3534 311256694
3535 311256694
3536 311256694
3537 311256694
3538 311256694
3539 311256694
3540 311256694
3541 311256694
3542 311256694
3543 311256694
3544 311256694
3545 311256694
3546 311256694
3547 311256694
3548 311256694
3549 311256694
3550 311256694
3551 311256694
3552 311256694
3553 311256694
3554 311256694
3555 311256694
3556 311256694
3557 311256694
3558 311256694
3559 311256694
3560 311256694
3561 311256694
3562 311256694
3563 311256694
3564 311256694
3565 311256694
3566 311256694
3567 311256694
3568 311256694
3569 311256694
3570 311256694
3571 311256694
3572 311256694
3573 311256694
3574 311256694
3575 311256694
3576 311256694
3577 311256694
3578 311256694
3579 311256694
3580 311256694
3581 311256694
3582 311256694
3583 311256694
3584 311256694
3585 311256694
3586 311256694
3587 311256694
3588 311256694
3589 311256694
3590 311256694
3591 311256694
3592 311256694
3593 311256694
3594 311256694
3595 311256694
3596 311256694
3597 311256694
3598 311256694
3599 311256694
3600 311256694
3601 311256694
3602 311256694
3603 311256694
3604 311256694
3605 311256694
3606 311256694
3607 311256694
3608 311256694
3609 311256694
3610 311256694
3611 311256694
3612 311256694
3613 311256694
3614 311256694
3615 311256694
3616 311256694
3617 311256694
3618 311256694
3619 311256694
3620 311256694
3621 311256694
3622 311256694
3623 311256694
3624 311256694
3625 311256694
3626 311256694
3627 311256694
3628 311256694
3629 311256694
3630 311256694
3631 311256694
3632 311256694
3633 311256694
3634 311256694
3635 311256694
3636 311256694
3637 311256694
3638 311256694
3639 311256694
3640 311256694
3641 311256694
3642 311256694
3643 311256694
3644 311256694
3645 311256694
3646 311256694
3647 311256694
3648 311256694
3649 311256694
3650 311256694
3651 311256694
3652 311256694
3653 311256694
3654 311256694
3655 311256694
3656 311256694
3657 311256694
3658 311256694
3659 311256694
3660 311256694
3661 311256694
3662 311256694
3663 311256694
3664 311256694
3665 311256694
3666 311256694
3667 311256694
3668 311256694
3669 311256694
3670 311256694
3671 311256694
3672 311256694
3673 311256694
3674 311256694
3675 311256694
3676 311256694
3677 311256694
3678 311256694
3679 311256694
3680 311256694
3681 311256694
3682 311256694
3683 311256694
3684 311256694
3685 311256694
3686 311256694
3687 311256694
3688 311256694
3689 311256694
3690 311256694
3691 311256694
3692 311256694
3693 311256694
3694 311256694
3695 311256694
3696 311256694
3697 311256694
3698 311256694
3699 311256694
3700 311256694
3701 311256694
3702 311256694
3703 311256694
3704 311256694
3705 311256694
3706 311256694
3707 311256694
3708 311256694
3709 311256694
3710 311256694
3711 311256694
3712 311256694
3713 311256694
3714 311256694
3715 311256694
3716 311256694
3717 311256694
3718 311256694
3719 311256694
3720 311256694
3721 311256694
3722 311256694
3723 311256694
3724 311256694
3725 311256694
3726 311256694
3727 311256694
3728 311256694
3729 311256694
3730 311256694
3731 311256694
3732 311256694
3733 311256694
3734 311256694
3735 311256694
3736 311256694
3737 311256694
3738 311256694
3739 311256694
3740 311256694
3741 311256694
3742 311256694
3743 311256694
3744 311256694
3745 311256694
3746 311256694
3747 311256694
3748 311256694
3749 311256694
3750 311256694
3751 311256694
3752 311256694
3753 311256694
3754 311256694
3755 311256694
3756 311256694
3757 311256694
3758 311256694
3759 311256694
3760 311256694
3761 311256694
3762 311256694
3763 311256694
3764 311256694
3765 311256694
3766 311256694
3767 311256694
3768 311256694
3769 311256694
3770 311256694
3771 311256694
3772 311256694
3773 311256694
3774 311256694
3775 311256694
3776 311256694
3777 311256694
3778 311256694
3779 311256694
3780 311256694
3781 311256694
3782 311256694
3783 311256694
3784 311256694
3785 311256694
3786 311256694
3787 311256694
3788 311256694
3789 311256694
3790 311256694
3791 311256694
3792 311256694
3793 311256694
3794 311256694
3795 311256694
3796 311256694
3797 311256694
3798 311256694
3799 311256694
3800 311256694
3801 311256694
3802 311256694
3803 311256694
3804 311256694
3805 311256694
3806 311256694
3807 311256694
3808 311256694
3809 311256694
3810 311256694
3811 311256694
3812 311256694
3813 311256694
3814 311256694
3815 311256694
3816 311256694
3817 311256694
3818 311256694
3819 311256694
3820 311256694
3821 311256694
3822 311256694
3823 311256694
3824 311256694
3825 311256694
3826 311256694
3827 311256694
3828 311256694
3829 311256694
3830 311256694
3831 311256694
3832 311256694
3833 311256694
3834 311256694
3835 311256694
3836 311256694
3837 311256694
3838 311256694
3839 311256694
3840 311256694
3841 311256694
3842 311256694
3843 311256694
3844 311256694
3845 311256694
3846 311256694
3847 311256694
3848 311256694
3849 311256694
3850 311256694
3851 311256694
3852 311256694
3853 311256694
3854 311256694
3855 311256694
3856 311256694
3857 311256694
3858 311256694
3859 311256694
3860 311256694
3861 311256694
3862 311256694
3863 311256694
3864 311256694
3865 311256694
3866 311256694
3867 311256694
3868 311256694
3869 311256694
3870 311256694
3871 311256694
3872 311256694
3873 311256694
3874 311256694
3875 311256694
3876 311256694
3877 311256694
3878 311256694
3879 311256694
3880 311256694
3881 311256694
3882 311256694
3883 311256694
3884 311256694
3885 311256694
3886 311256694
3887 311256694
3888 311256694
3889 311256694
3890 311256694
3891 311256694
3892 311256694
3893 311256694
3894 311256694
3895 311256694
3896 311256694
3897 311256694
3898 311256694
3899 311256694
3900 311256694
3901 311256694
3902 311256694
3903 311256694
3904 311256694
3905 311256694
3906 311256694
3907 311256694
3908 311256694
3909 311256694
3910 311256694
3911 311256694
3912 311256694
3913 311256694
3914 311256694
3915 311256694
3916 311256694
3917 311256694
3918 311256694
3919 311256694
3920 311256694
3921 311256694
3922 311256694
3923 311256694
3924 311256694
3925 311256694
3926 311256694
3927 311256694
3928 311256694
3929 311256694
3930 311256694
3931 311256694
3932 311256694
3933 311256694
3934 311256694
3935 311256694
3936 311256694
3937 311256694
3938 311256694
3939 311256694
3940 311256694
3941 311256694
3942 311256694
3943 311256694
3944 311256694
3945 311256694
3946 311256694
3947 311256694
3948 311256694
3949 311256694
3950 311256694
3951 311256694
3952 311256694
3953 311256694
3954 311256694
3955 311256694
3956 311256694
3957 311256694
3958 311256694
3959 311256694
3960 311256694
3961 311256694
3962 311256694
3963 311256694
3964 311256694
3965 311256694
3966 311256694
3967 311256694
3968 311256694
3969 311256694
3970 311256694
3971 311256694
3972 311256694
3973 311256694
3974 311256694
3975 311256694
3976 311256694
3977 311256694
3978 311256694
3979 311256694
3980 311256694
3981 311256694
3982 311256694
3983 311256694
3984 311256694
3985 311256694
3986 311256694
3987 311256694
3988 311256694
3989 311256694
3990 311256694
3991 311256694
3992 311256694
3993 311256694
3994 311256694
3995 311256694
3996 311256694
3997 311256694
3998 311256694
3999 311256694
4000 311256694
4001 311256694
4002 311256694
4003 311256694
4004 311256694
4005 311256694
4006 311256694
4007 311204592
4008 311204592
4009 311204592
4010 311204592
4011 311204592
4012 311204592
4013 311204592
4014 311204592
4015 311204592
4016 311204592
4017 311204592
4018 311204592
4019 311204592
4020 311204592
4021 311204592
4022 311204592
4023 311204592
4024 311204592
4025 311204592
4026 311204592
4027 311204592
4028 311204592
4029 311204592
4030 311204592
4031 311204592
4032 311204592
4033 311204592
4034 311204592
4035 311204592
4036 311204592
4037 311204592
4038 311204592
4039 311204592
4040 311204592
4041 311204592
4042 311204592
4043 311204592
4044 311204592
4045 311204592
4046 311204592
4047 311204592
4048 311204592
4049 311204592
4050 311204592
4051 311204592
4052 311204592
4053 311204592
4054 311204592
4055 311204592
4056 311204592
4057 311204592
4058 311204592
4059 311204592
4060 311204592
4061 311204592
4062 311204592
4063 311204592
4064 311204592
4065 311204592
4066 311204592
4067 311204592
4068 311204592
4069 311204592
4070 311204592
4071 311204592
4072 311204592
4073 311204592
4074 311204592
4075 311204592
4076 311204592
4077 311204592
4078 311204592
4079 311204592
4080 311204592
4081 311204592
4082 311204592
4083 311204592
4084 311204592
4085 311204592
4086 311204592
4087 311204592
4088 311204592
4089 311204592
4090 311204592
4091 311204592
4092 311204592
4093 311204592
4094 311204592
4095 311204592
4096 311204592
4097 311204592
4098 311204592
4099 311204592
4100 311204592
4101 311204592
4102 311204592
4103 311204592
4104 311204592
4105 311204592
4106 311204592
4107 311204592
4108 311204592
4109 311204592
4110 311204592
4111 311204592
4112 311204592
4113 311204592
4114 311204592
4115 311204592
4116 311204592
4117 311204592
4118 311204592
4119 311204592
4120 311204592
4121 311204592
4122 311204592
4123 311204592
4124 311204592
4125 311204592
4126 311204592
4127 311204592
4128 311204592
4129 311204592
4130 311204592
4131 311204592
4132 311204592
4133 311204592
4134 311204592
4135 311204592
4136 311204592
4137 311204592
4138 311204592
4139 311204592
4140 311204592
4141 311204592
4142 311204592
4143 311204592
4144 311204592
4145 311204592
4146 311204592
4147 311204592
4148 311204592
4149 311204592
4150 311204592
4151 311204592
4152 311204592
4153 311204592
4154 311204592
4155 311204592
4156 311204592
4157 311204592
4158 311204592
4159 311204592
4160 311204592
4161 311204592
4162 311204592
4163 311204592
4164 311204592
4165 311204592
4166 311204592
4167 311204592
4168 311204592
4169 311204592
4170 311204592
4171 311204592
4172 311204592
4173 311204592
4174 311204592
4175 311204592
4176 311204592
4177 311204592
4178 311204592
4179 311204592
4180 311204592
4181 311204592
4182 311204592
4183 311204592
4184 311204592
4185 311204592
4186 311204592
4187 311204592
4188 311204592
4189 311204592
4190 311204592
4191 311204592
4192 311204592
4193 311204592
4194 311204592
4195 311204592
4196 311204592
4197 311204592
4198 311204592
4199 311204592
4200 311204592
4201 311204592
4202 311204592
4203 311204592
4204 311204592
4205 311204592
4206 311204592
4207 311204592
4208 311204592
4209 311204592
4210 311204592
4211 311204592
4212 311204592
4213 311204592
4214 311204592
4215 311204592
4216 311204592
4217 311204592
4218 311204592
4219 311204592
4220 311204592
4221 311204592
4222 311204592
4223 311204592
4224 311204592
4225 311204592
4226 311204592
4227 311204592
4228 311204592
4229 311204592
4230 311204592
4231 311204592
4232 311204592
4233 311204592
4234 311204592
4235 311204592
4236 311204592
4237 311204592
4238 311204592
4239 311204592
4240 311204592
4241 311204592
4242 311204592
4243 311204592
4244 311204592
4245 311204592
4246 311204592
4247 311204592
4248 311204592
4249 311204592
4250 311204592
4251 311204592
4252 311204592
4253 311204592
4254 311204592
4255 311204592
4256 311204592
4257 311204592
4258 311204592
4259 311204592
4260 311204592
4261 311204592
4262 311204592
4263 311204592
4264 311204592
4265 311204592
4266 311204592
4267 311204592
4268 311204592
4269 311204592
4270 311204592
4271 311204592
4272 311204592
4273 311204592
4274 311204592
4275 311204592
4276 311204592
4277 311204592
4278 311204592
4279 311204592
4280 311204592
4281 311204592
4282 311204592
4283 311204592
4284 311204592
4285 311204592
4286 311204592
4287 311204592
4288 311204592
4289 311204592
4290 311204592
4291 311204592
4292 311204592
4293 311204592
4294 311204592
4295 311204592
4296 311204592
4297 311204592
4298 311204592
4299 311204592
4300 311204592
4301 311204592
4302 311204592
4303 311204592
4304 311204592
4305 311204592
4306 311204592
4307 311204592
4308 311204592
4309 311204592
4310 311204592
4311 311204592
4312 311204592
4313 311204592
4314 311204592
4315 311204592
4316 311204592
4317 311204592
4318 311204592
4319 311204592
4320 311204592
4321 311204592
4322 311204592
4323 311204592
4324 311204592
4325 311204592
4326 311204592
4327 311204592
4328 311204592
4329 311204592
4330 311204592
4331 311204592
4332 311204592
4333 311204592
4334 311204592
4335 311204592
4336 311204592
4337 311204592
4338 311204592
4339 311204592
4340 311204592
4341 311204592
4342 311204592
4343 311204592
4344 311204592
4345 311204592
4346 311204592
4347 311204592
4348 311204592
4349 311204592
4350 311204592
4351 311204592
4352 311204592
4353 311204592
4354 311204592
4355 311204592
4356 311204592
4357 311204592
4358 311204592
4359 311204592
4360 311204592
4361 311204592
4362 311204592
4363 311204592
4364 311204592
4365 311204592
4366 311204592
4367 311204592
4368 311204592
4369 311204592
4370 311204592
4371 311204592
4372 311204592
4373 311204592
4374 311204592
4375 311204592
4376 311204592
4377 311204592
4378 311204592
4379 311204592
4380 311204592
4381 311204592
4382 311204592
4383 311204592
4384 311204592
4385 311204592
4386 311204592
4387 311204592
4388 311204592
4389 311204592
4390 311204592
4391 311204592
4392 311204592
4393 311204592
4394 311204592
4395 311204592
4396 311204592
4397 311204592
4398 311204592
4399 311204592
4400 311204592
4401 311204592
4402 311204592
4403 311204592
4404 311204592
4405 311204592
4406 311204592
4407 311204592
4408 311204592
4409 311204592
4410 311204592
4411 311204592
4412 311204592
4413 311204592
4414 311204592
4415 311204592
4416 311204592
4417 311204592
4418 311204592
4419 311204592
4420 311204592
4421 311204592
4422 311204592
4423 311204592
4424 311204592
4425 311204592
4426 311204592
4427 311204592
4428 311204592
4429 311204592
4430 311204592
4431 311204592
4432 311204592
4433 311204592
4434 311204592
4435 311204592
4436 311204592
4437 311204592
4438 311204592
4439 311204592
4440 311204592
4441 311204592
4442 311204592
4443 311204592
4444 311204592
4445 311204592
4446 311204592
4447 311204592
4448 311204592
4449 311204592
4450 311204592
4451 311204592
4452 311204592
4453 311204592
4454 311204592
4455 311204592
4456 311204592
4457 311204592
4458 311204592
4459 311204592
4460 311204592
4461 311204592
4462 311204592
4463 311204592
4464 311204592
4465 311204592
4466 311204592
4467 311204592
4468 311204592
4469 311204592
4470 311204592
4471 311204592
4472 311204592
4473 311204592
4474 311204592
4475 311204592
4476 311204592
4477 311204592
4478 311204592
4479 311204592
4480 311204592
4481 311204592
4482 311204592
4483 311204592
4484 311204592
4485 311204592
4486 311204592
4487 311204592
4488 311204592
4489 311204592
4490 311204592
4491 311204592
4492 311204592
4493 311204592
4494 311204592
4495 311204592
4496 311204592
4497 311204592
4498 311204592
4499 311204592
4500 311204592
4501 311204592
4502 311204592
4503 311204592
4504 311204592
4505 311204592
4506 311204592
4507 311204592
4508 311204592
4509 311204592
4510 311204592
4511 311204592
4512 311204592
4513 311204592
4514 311204592
4515 311204592
4516 311204592
4517 311204592
4518 311204592
4519 311204592
4520 311204592
4521 311204592
4522 311204592
4523 311204592
4524 311204592
4525 311204592
4526 311204592
4527 311204592
4528 311204592
4529 311204592
4530 311204592
4531 311204592
4532 311204592
4533 311204592
4534 311204592
4535 311204592
4536 311204592
4537 311204592
4538 311204592
4539 311204592
4540 311204592
4541 311204592
4542 311204592
4543 311204592
4544 311204592
4545 311204592
4546 311204592
4547 311204592
4548 311204592
4549 311204592
4550 311204592
4551 311204592
4552 311204592
4553 311204592
4554 311204592
4555 311204592
4556 311204592
4557 311204592
4558 311204592
4559 311204592
4560 311204592
4561 311204592
4562 311204592
4563 311204592
4564 311204592
4565 311204592
4566 311204592
4567 311204592
4568 311204592
4569 311204592
4570 311204592
4571 311204592
4572 311204592
4573 311204592
4574 311204592
4575 311204592
4576 311204592
4577 311204592
4578 311204592
4579 311204592
4580 311204592
4581 311204592
4582 311204592
4583 311204592
4584 311204592
4585 311204592
4586 311204592
4587 311204592
4588 311204592
4589 311204592
4590 311204592
4591 311204592
4592 311204592
4593 311204592
4594 311204592
4595 311204592
4596 311204592
4597 311204592
4598 311204592
4599 311204592
4600 311204592
4601 311204592
4602 311204592
4603 311204592
4604 311204592
4605 311204592
4606 311204592
4607 311204592
4608 311204592
4609 311204592
4610 311204592
4611 311204592
4612 311204592
4613 311204592
4614 311204592
4615 311204592
4616 311204592
4617 311204592
4618 311204592
4619 311204592
4620 311204592
4621 311204592
4622 311204592
4623 311204592
4624 311204592
4625 311204592
4626 311204592
4627 311204592
4628 311204592
4629 311204592
4630 311204592
4631 311204592
4632 311204592
4633 311204592
4634 311204592
4635 311204592
4636 311204592
4637 311204592
4638 311204592
4639 311204592
4640 311204592
4641 311204592
4642 311204592
4643 311204592
4644 311204592
4645 311204592
4646 311204592
4647 311204592
4648 311204592
4649 311204592
4650 311204592
4651 311204592
4652 311204592
4653 311204592
4654 311204592
4655 311204592
4656 311204592
4657 311204592
4658 311204592
4659 311204592
4660 311204592
4661 311204592
4662 311204592
4663 311204592
4664 311204592
4665 311204592
4666 311204592
4667 311204592
4668 311204592
4669 311204592
4670 311204592
4671 311204592
4672 311204592
4673 311204592
4674 311204592
4675 311204592
4676 311204592
4677 311204592
4678 311204592
4679 311204592
4680 311204592
4681 311204592
4682 311204592
4683 311204592
4684 311204592
4685 311204592
4686 311204592
4687 311204592
4688 311204592
4689 311204592
4690 311204592
4691 311204592
4692 311204592
4693 311204592
4694 311204592
4695 311204592
4696 311204592
4697 311204592
4698 311204592
4699 311204592
4700 311204592
4701 311204592
4702 311204592
4703 311204592
4704 311204592
4705 311204592
4706 311204592
4707 311204592
4708 311204592
4709 311204592
4710 311204592
4711 311204592
4712 311204592
4713 311204592
4714 311204592
4715 311204592
4716 311204592
4717 311204592
4718 311204592
4719 311204592
4720 311204592
4721 311204592
4722 311204592
4723 311204592
4724 311204592
4725 311204592
4726 311204592
4727 311204592
4728 311204592
4729 311204592
4730 311204592
4731 311204592
4732 311204592
4733 311204592
4734 311204592
4735 311204592
4736 311204592
4737 311204592
4738 311204592
4739 311204592
4740 311204592
4741 311204592
4742 311204592
4743 311204592
4744 311204592
4745 311204592
4746 311204592
4747 311204592
4748 311204592
4749 311204592
4750 311204592
4751 311204592
4752 311204592
4753 311204592
4754 311204592
4755 311204592
4756 311204592
4757 311204592
4758 311204592
4759 311204592
4760 311204592
4761 311204592
4762 311204592
4763 311204592
4764 311204592
4765 311204592
4766 311204592
4767 311204592
4768 311204592
4769 311204592
4770 311204592
4771 311204592
4772 311204592
4773 311204592
4774 311204592
4775 311204592
4776 311204592
4777 311204592
4778 311204592
4779 311204592
4780 311204592
4781 311204592
4782 311204592
4783 311204592
4784 311204592
4785 311204592
4786 311204592
4787 311204592
4788 311204592
4789 311204592
4790 311204592
4791 311204592
4792 311204592
4793 311204592
4794 311204592
4795 311204592
4796 311204592
4797 311204592
4798 311204592
4799 311204592
4800 311204592
4801 311204592
4802 311204592
4803 311204592
4804 311204592
4805 311204592
4806 311204592
4807 311204592
4808 311204592
4809 311204592
4810 311204592
4811 311204592
4812 311204592
4813 311204592
4814 311204592
4815 311204592
4816 311204592
4817 311204592
4818 311204592
4819 311204592
4820 311204592
4821 311204592
4822 311204592
4823 311204592
4824 311204592
4825 311204592
4826 311204592
4827 311204592
4828 311204592
4829 311204592
4830 311204592
4831 311204592
4832 311204592
4833 311204592
4834 311204592
4835 311204592
4836 311204592
4837 311204592
4838 311204592
4839 311204592
4840 311204592
4841 311204592
4842 311204592
4843 311204592
4844 311204592
4845 311204592
4846 311204592
4847 311204592
4848 311204592
4849 311204592
4850 311204592
4851 311204592
4852 311204592
4853 311204592
4854 311204592
4855 311204592
4856 311204592
4857 311204592
4858 311204592
4859 311204592
4860 311204592
4861 311204592
4862 311204592
4863 311204592
4864 311204592
4865 311204592
4866 311204592
4867 311204592
4868 311204592
4869 311204592
4870 311204592
4871 311204592
4872 311204592
4873 311204592
4874 311204592
4875 311204592
4876 311204592
4877 311204592
4878 311204592
4879 311204592
4880 311204592
4881 311204592
4882 311204592
4883 311204592
4884 311204592
4885 311204592
4886 311204592
4887 311204592
4888 311204592
4889 311204592
4890 311204592
4891 311204592
4892 311204592
4893 311204592
4894 311204592
4895 311204592
4896 311204592
4897 311204592
4898 311204592
4899 311204592
4900 311204592
4901 311204592
4902 311204592
4903 311204592
4904 311204592
4905 311204592
4906 311204592
4907 311204592
4908 311204592
4909 311204592
4910 311204592
4911 311204592
4912 311204592
4913 311204592
4914 311204592
4915 311204592
4916 311204592
4917 311204592
4918 311204592
4919 311204592
4920 311204592
4921 311204592
4922 311204592
4923 311204592
4924 311204592
4925 311204592
4926 311204592
4927 311204592
4928 311204592
4929 311204592
4930 311204592
4931 311204592
4932 311204592
4933 311204592
4934 311204592
4935 311204592
4936 311204592
4937 311204592
4938 311204592
4939 311204592
4940 311204592
4941 311204592
4942 311204592
4943 311204592
4944 311204592
4945 311204592
4946 311204592
4947 311204592
4948 311204592
4949 311204592
4950 311204592
4951 311204592
4952 311204592
4953 311204592
4954 311204592
4955 311204592
4956 311204592
4957 311204592
4958 311204592
4959 311204592
4960 311204592
4961 311204592
4962 311204592
4963 311204592
4964 311204592
4965 311204592
4966 311204592
4967 311204592
4968 311204592
4969 311204592
4970 311204592
4971 311204592
4972 311204592
4973 311204592
4974 311204592
4975 311204592
4976 311204592
4977 311204592
4978 311204592
4979 311204592
4980 311204592
4981 311204592
4982 311204592
4983 311204592
4984 311204592
4985 311204592
4986 311204592
4987 311204592
4988 311204592
4989 311204592
4990 311204592
4991 311204592
4992 311204592
4993 311204592
4994 311204592
4995 311204592
4996 311204592
4997 311204592
4998 311204592
4999 311204592
5000 311204592
5001 311204592
5002 311204592
5003 311204592
5004 311204592
5005 311204592
5006 311204592
5007 311204592
5008 311204592
5009 311204592
5010 311204592
5011 311204592
5012 311204592
5013 311204592
5014 311204592
5015 311204592
5016 311204592
5017 311204592
5018 311204592
5019 311204592
5020 311204592
5021 311204592
5022 311204592
5023 311204592
5024 311204592
5025 311204592
5026 311204592
5027 311204592
5028 311204592
5029 311204592
5030 311204592
5031 311204592
5032 311204592
5033 311204592
5034 311204592
5035 311204592
5036 311204592
5037 311204592
5038 311204592
5039 311204592
5040 311204592
5041 311204592
5042 311204592
5043 311204592
5044 311204592
5045 311204592
5046 311204592
5047 311204592
5048 311204592
5049 311204592
5050 311204592
5051 311204592
5052 311204592
5053 311204592
5054 311204592
5055 311204592
5056 311204592
5057 311204592
5058 311204592
5059 311204592
5060 311204592
5061 311204592
5062 311204592
5063 311204592
5064 311204592
5065 311204592
5066 311204592
5067 311204592
5068 311204592
5069 311204592
5070 311204592
5071 311204592
5072 311204592
5073 311204592
5074 311204592
5075 311204592
5076 311204592
5077 311204592
5078 311204592
5079 311204592
5080 311204592
5081 311204592
5082 311204592
5083 311204592
5084 311204592
5085 311204592
5086 311204592
5087 311204592
5088 311204592
5089 311204592
5090 311204592
5091 311204592
5092 311204592
5093 311204592
5094 311204592
5095 311204592
5096 311204592
5097 311204592
5098 311204592
5099 311204592
5100 311204592
5101 311204592
5102 311204592
5103 311204592
5104 311204592
5105 311204592
5106 311204592
5107 311204592
5108 311204592
5109 311204592
5110 311204592
5111 311204592
5112 311204592
5113 311204592
5114 311204592
5115 311204592
5116 311204592
5117 311204592
5118 311204592
5119 311204592
5120 311204592
5121 311204592
5122 311204592
5123 311204592
5124 311204592
5125 311204592
5126 311204592
5127 311204592
5128 311204592
5129 311204592
5130 311204592
5131 311204592
5132 311204592
5133 311204592
5134 311204592
5135 311204592
5136 311204592
5137 311204592
5138 311204592
5139 311204592
5140 311204592
5141 311204592
5142 311204592
5143 311204592
5144 311204592
5145 311204592
5146 311204592
5147 311204592
5148 311204592
5149 311204592
5150 311204592
5151 311204592
5152 311204592
5153 311204592
5154 311204592
5155 311204592
5156 311204592
5157 311204592
5158 311204592
5159 311204592
5160 311204592
5161 311204592
5162 311204592
5163 311204592
5164 311204592
5165 311204592
5166 311204592
5167 311204592
5168 311204592
5169 311204592
5170 311204592
5171 311204592
5172 311204592
5173 311204592
5174 311204592
5175 311204592
5176 311204592
5177 311204592
5178 311204592
5179 311204592
5180 311204592
5181 311204592
5182 311204592
5183 311204592
5184 311204592
5185 311204592
5186 311204592
5187 311204592
5188 311204592
5189 311204592
5190 311204592
5191 311204592
5192 311204592
5193 311204592
5194 311204592
5195 311204592
5196 311204592
5197 311204592
5198 311204592
5199 311204592
5200 311204592
5201 311204592
5202 311204592
5203 311204592
5204 311204592
5205 311204592
5206 311204592
5207 311204592
5208 311204592
5209 311204592
5210 311204592
5211 311204592
5212 311204592
5213 311204592
5214 311204592
5215 311204592
5216 311204592
5217 311204592
5218 311204592
5219 311204592
5220 311204592
5221 311204592
5222 311204592
5223 311204592
5224 311204592
5225 311204592
5226 311204592
5227 311204592
5228 311204592
5229 311204592
5230 311204592
5231 311204592
5232 311204592
5233 311204592
5234 311204592
5235 311204592
5236 311204592
5237 311204592
5238 311204592
5239 311204592
5240 311204592
5241 311204592
5242 311204592
5243 311204592
5244 311204592
5245 311204592
5246 311204592
5247 311204592
5248 311204592
5249 311204592
5250 311204592
5251 311204592
5252 311204592
5253 311204592
5254 311204592
5255 311204592
5256 311204592
5257 311204592
5258 311204592
5259 311204592
5260 311204592
5261 311204592
5262 311204592
5263 311204592
5264 311204592
5265 311204592
5266 311204592
5267 311204592
5268 311204592
5269 311204592
5270 311204592
5271 311204592
5272 311204592
5273 311204592
5274 311204592
5275 311204592
5276 311204592
5277 311204592
5278 311204592
5279 311204592
5280 311204592
5281 311204592
5282 311204592
5283 311204592
5284 311204592
5285 311204592
5286 311204592
5287 311204592
5288 311204592
5289 311204592
5290 311204592
5291 311204592
5292 311204592
5293 311204592
5294 311204592
5295 311204592
5296 311204592
5297 311204592
5298 311204592
5299 311204592
5300 311204592
5301 311204592
5302 311204592
