0 560444912
1 490253428
2 453836644
3 420777446
4 387807610
5 354659331
6 336692530
7 327820351
8 321792443
9 316321380
10 313047994
11 310646408
12 308830818
13 306874328
14 305924743
15 305301058
16 304619910
17 303654816
18 302994116
19 302536179
20 302158600
21 301852453
22 301541190
23 301334379
24 301065457
25 300839194
26 300689972
27 300589497
28 300546667
29 300515973
30 300504403
31 300498067
32 300498067
33 300498067
34 300498067
35 300498067
36 300482384
37 300416153
38 300347314
39 300326689
40 300321643
41 300313405
42 300313405
43 300313405
44 300313405
45 300313405
46 300313405
47 300313405
48 300313405
49 300313405
50 300313405
51 300313405
52 300313405
53 300313405
54 300313405
55 300313405
56 300313405
57 300313405
58 300313405
59 300313405
60 300313405
61 300313405
62 300313405
63 300313405
64 300313405
65 300313405
66 300313405
67 300313405
68 300313405
69 300313405
70 300313405
71 300313405
72 300313405
73 300313405
74 300313405
75 300313405
76 300313405
77 300313405
78 300313405
79 300313405
80 300313405
81 300313405
82 300313405
83 300313405
84 300313405
85 300313405
86 300313405
87 300313405
88 300313405
89 300313405
90 300313405
91 300313405
92 300313405
93 300313405
94 300313405
95 300313405
96 300313405
97 300313405
98 300313405
99 300313405
100 300313405
101 300313405
102 300313405
103 300313405
104 300313405
105 300313405
106 300247905
107 300009875
108 299786750
109 299616162
110 299470587
111 299321278
112 299225386
113 299225386
114 299180495
115 299180495
116 298984589
117 298696140
118 298348036
119 298198210
120 298034292
121 297949986
122 297949986
123 297949986
124 297949986
125 297949986
126 297949986
127 297949986
128 297949986
129 297949986
130 297949986
131 297949986
132 297949986
133 297949986
134 297949986
135 297949986
136 297949986
137 297949986
138 297949986
139 297949986
140 297949986
141 297949986
142 297949986
143 297949986
144 297949986
145 297949986
146 297949986
147 297949986
148 297949986
149 297949986
150 297949986
151 297949986
152 297949986
153 297949986
154 297949986
155 297949986
156 297949986
157 297949986
158 297949986
159 297949986
160 297949986
161 297949986
162 297949986
163 297949986
164 297949986
165 297949986
166 297949986
167 297949986
168 297949986
169 297949986
170 297949986
171 297949986
172 297949986
173 297949986
174 297949986
175 297949986
176 297949986
177 297949986
178 297949986
179 297949986
180 297949986
181 297949986
182 297949986
183 297949986
184 297949986
185 297949986
186 297949986
187 297949986
188 297949986
189 297949986
190 297949986
191 297949986
192 297949986
193 297949986
194 297949986
195 297949986
196 297949986
197 297949986
198 297949986
199 297949986
200 297949986
201 297949986
202 297949986
203 297949986
204 297949986
205 297949986
206 297949986
207 297949986
208 297949986
209 297949986
210 297949986
211 297949986
212 297949986
213 297949986
214 297949986
215 297949986
216 297949986
217 297949986
218 297949986
219 297949986
220 297949986
221 297949986
222 297949986
223 297949986
224 297949986
225 297949986
226 297949986
227 297949986
228 297949986
229 297949986
230 297949986
231 297949986
232 297949986
233 297949986
234 297949986
235 297949986
236 297949986
237 297949986
238 297949986
239 297949986
240 297949986
241 297949986
242 297949986
243 297949986
244 297949986
245 297949986
246 297949986
247 297949986
248 297949986
249 297949986
250 297949986
251 297949986
252 297949986
253 297949986
254 297949986
255 297949986
256 297949986
257 297949986
258 297949986
259 297949986
260 297949986
261 297949986
262 297949986
263 297949986
264 297949986
265 297949986
266 297949986
267 297949986
268 297949986
269 297949986
270 297949986
271 297949986
272 297896670
273 297543356
274 297442792
275 297301202
276 297224393
277 297177346
278 297139498
279 297027943
280 296970180
281 296970180
282 296970180
283 296970180
284 296970180
285 296970180
286 296970180
287 296970180
288 296970180
289 296970180
290 296970180
291 296970180
292 296970180
293 296970180
294 296970180
295 296970180
296 296970180
297 296970180
298 296970180
299 296970180
300 296970180
301 296970180
302 296970180
303 296970180
304 296970180
305 296970180
306 296970180
307 296970180
308 296970180
309 296970180
310 296970180
311 296970180
312 296970180
313 296970180
314 296970180
315 296970180
316 296970180
317 296970180
318 296970180
319 296970180
320 296970180
321 296970180
322 296970180
323 296970180
324 296970180
325 296970180
326 296970180
327 296970180
328 296970180
329 296970180
330 296970180
331 296970180
332 296970180
333 296970180
334 296970180
335 296970180
336 296970180
337 296970180
338 296970180
339 296970180
340 296970180
341 296970180
342 296970180
343 296970180
344 296970180
345 296970180
346 296970180
347 296970180
348 296970180
349 296970180
350 296970180
351 296970180
352 296970180
353 296970180
354 296970180
355 296970180
356 296970180
357 296970180
358 296970180
359 296970180
360 296970180
361 296970180
362 296970180
363 296970180
364 296970180
365 296970180
366 296970180
367 296970180
368 296970180
369 296970180
370 296970180
371 296970180
372 296970180
373 296970180
374 296970180
375 296970180
376 296970180
377 296970180
378 296970180
379 296970180
380 296970180
381 296970180
382 296970180
383 296970180
384 296970180
385 296970180
386 296970180
387 296970180
388 296970180
389 296970180
390 296970180
391 296970180
392 296970180
393 296970180
394 296970180
395 296970180
396 296970180
397 296970180
398 296970180
399 296970180
400 296970180
401 296970180
402 296970180
403 296970180
404 296970180
405 296970180
406 296970180
407 296970180
408 296970180
409 296970180
410 296970180
411 296970180
412 296970180
413 296970180
414 296970180
415 296970180
416 296970180
417 296970180
418 296970180
419 296970180
420 296970180
421 296970180
422 296970180
423 296970180
424 296970180
425 296970180
426 296970180
427 296970180
428 296970180
429 296970180
430 296970180
431 296970180
432 296970180
433 296970180
434 296970180
435 296970180
436 296970180
437 296970180
438 296970180
439 296970180
440 296970180
441 296970180
442 296970180
443 296970180
444 296970180
445 296970180
446 296970180
447 296970180
448 296970180
449 296970180
450 296970180
451 296970180
452 296970180
453 296970180
454 296970180
455 296970180
456 296970180
457 296970180
458 296970180
459 296970180
460 296970180
461 296970180
462 296970180
463 296970180
464 296970180
465 296970180
466 296970180
467 296970180
468 296970180
469 296970180
470 296970180
471 296970180
472 296970180
473 296970180
474 296970180
475 296970180
476 296970180
477 296970180
478 296970180
479 296970180
480 296970180
481 296970180
482 296970180
483 296970180
484 296970180
485 296970180
486 296970180
487 296970180
488 296970180
489 296970180
490 296970180
491 296970180
492 296970180
493 296970180
494 296970180
495 296970180
496 296970180
497 296970180
498 296970180
499 296970180
500 296970180
501 296970180
502 296970180
503 296970180
504 296970180
505 296970180
506 296970180
507 296970180
508 296970180
509 296970180
510 296970180
511 296970180
512 296970180
513 296970180
514 296970180
515 296970180
516 296970180
517 296970180
518 296970180
519 296970180
520 296970180
521 296970180
522 296970180
523 296970180
524 296970180
525 296970180
526 296970180
527 296970180
528 296970180
529 296970180
530 296970180
531 296970180
532 296970180
533 296970180
534 296970180
535 296970180
536 296970180
537 296970180
538 296970180
539 296970180
540 296970180
541 296970180
542 296970180
543 296970180
544 296970180
545 296970180
546 296970180
547 296970180
548 296970180
549 296970180
550 296970180
551 296970180
552 296970180
553 296970180
554 296970180
555 296970180
556 296970180
557 296970180
558 296970180
559 296970180
560 296970180
561 296970180
562 296970180
563 296970180
564 296921303
565 296838148
566 296785169
567 296703499
568 296649390
569 296649390
570 296649390
571 296649390
572 296569579
573 296569579
574 296569579
575 296569579
576 296569579
577 296569579
578 296569579
579 296569579
580 296569579
581 296569579
582 296569579
583 296569579
584 296569579
585 296569579
586 296569579
587 296569579
588 296569579
589 296569579
590 296569579
591 296569579
592 296569579
593 296569579
594 296569579
595 296569579
596 296569579
597 296569579
598 296569579
599 296569579
600 296569579
601 296569579
602 296569579
603 296569579
604 296569579
605 296569579
606 296569579
607 296569579
608 296569579
609 296569579
610 296569579
611 296569579
612 296569579
613 296569579
614 296569579
615 296569579
616 296569579
617 296569579
618 296569579
619 296569579
620 296569579
621 296569579
622 296569579
623 296569579
624 296569579
625 296569579
626 296569579
627 296569579
628 296569579
629 296569579
630 296569579
631 296569579
632 296569579
633 296569579
634 296569579
635 296569579
636 296569579
637 296569579
638 296569579
639 296569579
640 296569579
641 296569579
642 296569579
643 296569579
644 296569579
645 296569579
646 296569579
647 296569579
648 296569579
649 296569579
650 296569579
651 296569579
652 296569579
653 296569579
654 296569579
655 296569579
656 296569579
657 296569579
658 296569579
659 296569579
660 296569579
661 296569579
662 296569579
663 296569579
664 296569579
665 296569579
666 296569579
667 296569579
668 296569579
669 296569579
670 296569579
671 296569579
672 296569579
673 296569579
674 296569579
675 296569579
676 296569579
677 296569579
678 296569579
679 296569579
680 296569579
681 296569579
682 296569579
683 296569579
684 296569579
685 296569579
686 296569579
687 296569579
688 296569579
689 296569579
690 296569579
691 296569579
692 296569579
693 296569579
694 296569579
695 296569579
696 296569579
697 296569579
698 296569579
699 296569579
700 296569579
701 296569579
702 296569579
703 296569579
704 296569579
705 296569579
706 296569579
707 296569579
708 296569579
709 296569579
710 296569579
711 296569579
712 296569579
713 296569579
714 296569579
715 296569579
716 296569579
717 296569579
718 296569579
719 296569579
720 296569579
721 296569579
722 296569579
723 296569579
724 296569579
725 296569579
726 296569579
727 296569579
728 296569579
729 296569579
730 296569579
731 296569579
732 296569579
733 296569579
734 296569579
735 296569579
736 296569579
737 296569579
738 296569579
739 296569579
740 296569579
741 296569579
742 296569579
743 296569579
744 296569579
745 296569579
746 296569579
747 296569579
748 296569579
749 296569579
750 296569579
751 296569579
752 296569579
753 296569579
754 296569579
755 296569579
756 296569579
757 296569579
758 296569579
759 296569579
760 296569579
761 296569579
762 296569579
763 296569579
764 296569579
765 296569579
766 296569579
767 296569579
768 296569579
769 296569579
770 296569579
771 296569579
772 296569579
773 296569579
774 296569579
775 296569579
776 296569579
777 296569579
778 296569579
779 296569579
780 296569579
781 296569579
782 296569579
783 296569579
784 296569579
785 296569579
786 296569579
787 296569579
788 296569579
789 296569579
790 296569579
791 296569579
792 296569579
793 296569579
794 296569579
795 296569579
796 296569579
797 296569579
798 296569579
799 296569579
800 296569579
801 296569579
802 296569579
803 296569579
804 296569579
805 296569579
806 296569579
807 296569579
808 296569579
809 296569579
810 296569579
811 296569579
812 296569579
813 296569579
814 296569579
815 296569579
816 296569579
817 296569579
818 296569579
819 296569579
820 296569579
821 296569579
822 296569579
823 296569579
824 296569579
825 296569579
826 296569579
827 296569579
828 296569579
829 296569579
830 296569579
831 296569579
832 296569579
833 296569579
834 296569579
835 296569579
836 296569579
837 296569579
838 296569579
839 296569579
840 296569579
841 296569579
842 296569579
843 296569579
844 296569579
845 296569579
846 296569579
847 296569579
848 296569579
849 296569579
850 296569579
851 296569579
852 296569579
853 296569579
854 296569579
855 296569579
856 296569579
857 296569579
858 296569579
859 296569579
860 296569579
861 296569579
862 296569579
863 296569579
864 296569579
865 296569579
866 296569579
867 296569579
868 296569579
869 296569579
870 296569579
871 296569579
872 296569579
873 296569579
874 296569579
875 296569579
876 296569579
877 296569579
878 296569579
879 296569579
880 296569579
881 296569579
882 296569579
883 296569579
884 296569579
885 296569579
886 296569579
887 296569579
888 296569579
889 296569579
890 296569579
891 296569579
892 296569579
893 296569579
894 296569579
895 296569579
896 296569579
897 296569579
898 296569579
899 296569579
900 296569579
901 296569579
902 296569579
903 296569579
904 296569579
905 296569579
906 296569579
907 296569579
908 296569579
909 296569579
910 296569579
911 296569579
912 296569579
913 296569579
914 296569579
915 296569579
916 296569579
917 296569579
918 296569579
919 296569579
920 296569579
921 296569579
922 296569579
923 296569579
924 296569579
925 296569579
926 296569579
927 296569579
928 296569579
929 296569579
930 296569579
931 296569579
932 296569579
933 296569579
934 296569579
935 296569579
936 296569579
937 296569579
938 296569579
939 296569579
940 296569579
941 296569579
942 296569579
943 296569579
944 296569579
945 296569579
946 296569579
947 296569579
948 296569579
949 296569579
950 296569579
951 296569579
952 296569579
953 296569579
954 296569579
955 296569579
956 296569579
957 296569579
958 296569579
959 296569579
960 296569579
961 296569579
962 296569579
963 296569579
964 296569579
965 296569579
966 296569579
967 296569579
968 296569579
969 296569579
970 296569579
971 296569579
972 296569579
973 296569579
974 296569579
975 296569579
976 296569579
977 296569579
978 296569579
979 296569579
980 296569579
981 296569579
982 296569579
983 296569579
984 296569579
985 296569579
986 296569579
987 296569579
988 296569579
989 296569579
990 296569579
991 296569579
992 296569579
993 296569579
994 296569579
995 296569579
996 296569579
997 296569579
998 296569579
999 296569579
