17 298863479
18 298863479
19 298863479
20 298863479
21 298863479
22 298863479
23 298863479
24 298863479
25 298863479
26 298863479
27 299700736
28 298863479
29 298800030
30 299931178
31 298863479
32 299700736
33 296977655
34 299700736
35 298863479
36 299700736
37 298863479
38 299012387
39 298863479
40 296970180
41 299365735
42 298863479
43 297637721
44 297841979
45 298983376
46 296970180
47 296987644
48 298707786
49 298863479
50 297229391
51 296822011
52 296847531
53 297755166
54 296794384
55 296987644
56 296636833
57 296771719
58 296977655
59 296649390
60 296629079
61 296987644
62 296977655
63 296970180
64 296977655
65 296569579
66 296629079
67 296600031
68 297437536
69 296995920
70 297196039
